0.2615063 0.1268082 0.0005390414 0.001918194 0.4169487 0.08420809 0.08593371 0.0125589 0.002383665 0.007195171
0.4924752 0.4352835 0.06813163 0.0009817963 0.001822565 7.765454e-05 0.001089623 4.220251e-05 8.691539e-05 8.953879e-06
0.5269459 0.4636901 0.004999963 0.003828602 0.0002942746 8.583236e-05 2.621821e-05 3.857867e-05 8.886742e-05 1.71471e-06
0.3872758 0.5813952 0.008279036 0.01059765 0.01168167 0.000639245 8.299282e-05 4.150425e-05 6.435569e-06 4.497716e-07
0.5625727 0.4066149 0.01788514 0.007815732 0.002667059 0.001493078 0.0005338497 0.0002110184 8.810646e-05 0.0001184553
0.3298647 0.613356 0.03893193 0.006184543 0.004638325 0.005537027 0.001154279 0.0002559257 6.901084e-05 8.239326e-06
0.3107481 0.6758337 0.009091925 0.001985785 0.001908127 0.0003321087 7.753084e-05 3.714736e-06 1.301794e-05 5.97249e-06
0.46682 0.4780664 0.0493509 0.001910708 0.00157987 0.001054125 0.0002210161 0.0003632432 8.452138e-05 0.0005492102
0.4796983 0.4730287 0.04043517 0.002997666 0.0003128389 0.003290188 0.0001141884 3.803078e-06 0.0001167393 2.393993e-06
0.6192325 0.3067677 0.04729992 0.02551167 0.0001187478 0.001007669 7.806889e-06 1.563701e-05 6.346046e-08 3.831112e-05
0.4609599 0.5132694 0.01617166 0.008774134 0.0006523317 0.0001067886 6.483861e-05 7.808553e-07 7.644127e-08 1.378712e-07
0.4953844 0.4956597 0.005918367 0.001678083 0.001031883 3.719737e-05 0.0001687039 9.159392e-05 1.194674e-05 1.812162e-05
0.5489723 0.4130054 0.03379833 7.271317e-05 0.0008678729 0.0009702643 0.001283905 0.0008656385 1.269849e-05 0.0001509266
0.45232 0.509635 0.03038576 0.002117873 0.004397814 0.0002813842 0.0008514431 8.748666e-08 6.581182e-06 3.985756e-06
0.3412565 0.5841157 0.07451272 9.914259e-06 3.282941e-05 3.563805e-05 1.955851e-05 4.519606e-06 1.046015e-05 2.097747e-06
0.3803925 0.5886859 0.01730925 0.01180464 0.0004123035 0.0007370973 0.0001140542 0.0004585688 3.817085e-05 4.753332e-05
0.6217927 0.3638223 0.003978376 0.007939518 0.0005714105 0.001370404 1.171133e-05 0.0002823167 3.223492e-05 0.0001989927
0.3924703 0.5893583 0.01390752 0.0007224782 0.0009326513 0.0006669747 0.001466558 0.0002066575 0.0001546144 0.000113936
0.4442319 0.5452156 0.00766201 0.0003155994 0.002531934 2.484877e-05 1.719496e-05 2.016245e-07 6.167766e-07 6.469119e-08
0.3346924 0.6054852 0.05139854 0.003074623 0.001228686 0.003541163 0.0004051888 1.329728e-05 0.0001544022 6.420751e-06
0.2840663 0.6082308 0.09430275 0.001194129 0.01073861 0.0009219975 5.525223e-05 0.0001853155 0.0002906727 1.421863e-05
0.323325 0.5754535 0.09999507 0.0005318058 0.0005134429 5.074192e-05 0.0001274864 2.890624e-06 1.135717e-08 7.134042e-08
0.2859175 0.6994037 0.006678099 0.002195393 0.002064697 0.001699587 0.001871835 9.653287e-05 5.862749e-05 1.40201e-05
0.4141755 0.5648373 0.0128605 0.005992599 0.00194965 0.0001840681 6.959626e-08 2.190574e-07 3.51924e-08 4.444532e-08
0.3911349 0.5527365 0.02321607 0.02128508 0.003669653 0.006195613 0.0002811554 0.001219316 0.0001176493 0.0001441273
0.4119711 0.5006349 0.07589787 0.009173732 0.001996191 0.0002700456 1.689894e-07 2.732291e-05 2.563554e-05 3.034715e-06
0.514433 0.4591883 0.02473338 0.0004850515 8.850832e-05 0.0009248913 2.265571e-05 0.0001190006 7.214664e-07 4.497889e-06
0.4195847 0.5222161 0.02643769 0.03041358 0.0009347414 0.0002812495 0.0001291674 1.865047e-06 5.500795e-07 3.730128e-07
0.3508642 0.642458 0.002564455 0.003544796 0.0004476407 6.551431e-05 3.868148e-05 1.049248e-05 2.322991e-06 3.869352e-06
0.3602909 0.6086437 0.01753202 0.001464799 0.00893173 0.0006197029 0.00138835 0.0003737454 0.0001746107 0.0005804366
0.3795067 0.6071874 0.008143236 0.003802713 6.248384e-05 0.0006140628 0.0001058502 0.0003484642 3.475474e-05 0.0001942705
0.5130107 0.4364413 0.01226409 0.02229808 0.0002687123 0.004427001 0.005429636 0.00485683 0.0001496538 0.0008540185
0.3513026 0.5657679 0.07838774 0.004217862 0.0001199091 1.429039e-05 0.00012716 4.303237e-05 6.408411e-06 1.307358e-05
0.4806853 0.4568599 0.0120828 0.02947725 0.01417871 0.00101208 0.001157467 0.0001932523 0.002079379 0.002273777
0.4424424 0.5282247 0.02622902 0.00010292 0.001385433 0.001054448 0.0004919864 2.79709e-05 2.596057e-05 1.509476e-05
0.3950442 0.5663478 0.02727365 0.005147156 0.001905746 0.001314949 0.001614042 0.001221374 0.0001056611 2.540588e-05
0.3271112 0.6409407 0.02970853 0.001871755 2.488989e-05 0.000133708 0.0001535086 4.344853e-05 1.135247e-05 8.812415e-07
0.476021 0.4482697 0.04205824 0.003548636 0.0008400611 0.003277711 0.005780845 0.0152653 0.00425634 0.0006822087
0.4007158 0.5497762 0.007793852 0.01561529 0.01746567 0.001981878 0.001019627 0.00561401 4.971266e-06 1.265345e-05
0.4411285 0.4958637 0.03251936 0.02283809 0.003275027 0.004192875 5.028671e-05 4.711516e-05 6.680293e-05 1.829243e-05
0.5020189 0.4471405 0.04042104 0.004032877 0.001985949 0.002064553 0.0009620599 0.001250953 6.907759e-05 5.403443e-05
0.3226832 0.5971019 0.04197647 0.0124414 0.003390364 0.0009679304 0.006752578 0.01330535 0.0002448313 0.001136036
0.4997032 0.4771347 0.01250133 0.0007998052 0.004972793 0.002728946 0.0009094839 0.0006521954 0.0004272937 0.0001703127
0.3982555 0.558286 0.0353816 0.007641842 0.0003348132 6.516478e-05 1.087428e-05 1.469467e-05 3.050926e-06 6.534113e-06
0.3153976 0.6462707 0.03300995 0.0006090267 0.0040091 0.0005065191 0.0001022686 4.306357e-05 1.923293e-05 3.260155e-05
0.5150973 0.4827061 0.001554661 0.0006392033 7.255976e-07 7.594119e-07 3.056145e-09 1.073927e-06 6.820889e-08 7.873802e-08
0.4127276 0.5538706 0.0141523 0.008945773 0.006872999 0.002725599 0.0003706408 3.780367e-05 0.000102076 0.0001946509
0.4291816 0.5449515 0.02121362 0.002053339 0.002344261 0.0001611487 5.912437e-06 6.990437e-05 2.012776e-06 1.671226e-05
0.5517319 0.3754694 0.07199909 8.660495e-05 0.0005655568 8.300429e-05 5.360367e-05 9.47356e-06 1.332502e-06 4.501596e-08
0.3585531 0.6172118 0.01958115 0.003623964 0.0009333309 5.884408e-05 2.307557e-05 8.227201e-06 1.255209e-06 5.210635e-06
0.302423 0.6419054 0.0360927 0.01811769 0.0001218839 0.0007404858 0.0002095657 0.0002254044 0.0001502038 1.367213e-05
0.3811944 0.5309972 0.08492253 0.001647137 0.001169195 3.275292e-05 9.278402e-06 1.705572e-05 6.498355e-06 3.933895e-06
0.4189999 0.5371446 0.02167274 0.0153073 0.005471316 0.0005258557 0.0008593375 1.431435e-05 9.467028e-07 3.644968e-06
0.3439079 0.6077232 0.03500651 0.004015082 0.009151674 0.0001349056 2.406787e-05 3.192826e-05 4.428777e-06 2.682165e-07
0.3106485 0.6804684 0.008288081 0.0001703676 0.0003125014 7.525032e-05 5.577195e-06 2.09619e-05 2.514361e-06 7.920896e-06
0.3163519 0.6451487 0.01725365 0.006655471 0.007834657 0.000349339 0.004098241 0.001567959 0.0007038232 3.620671e-05
0.3094392 0.6343925 0.02122752 0.01121104 0.004008681 0.01120789 0.0007240494 0.005768583 0.001968381 5.21348e-05
0.4522308 0.5109624 0.01076698 0.01399078 0.006901364 0.002574869 0.002230382 2.842237e-05 0.0002853831 2.868509e-05
0.4298264 0.5097451 0.00472757 0.0241806 0.009587287 0.01823943 0.003390258 0.0001697478 2.108413e-05 0.0001125282
0.3201428 0.6532821 0.02616267 0.0003169006 4.73887e-05 1.207301e-05 1.542342e-05 5.941054e-06 1.039607e-05 4.295206e-06
0.4486983 0.5289104 0.01731447 0.002953303 0.0009130916 0.0003375634 0.0008152289 4.209266e-05 6.389408e-07 1.488344e-05
0.3370284 0.6055006 0.02517664 0.01950084 0.00602034 0.004428186 0.001747554 0.0001967572 8.771557e-05 0.0003129297
0.2800328 0.695076 0.02016714 9.002146e-05 0.001164776 0.002080363 0.0006915898 1.366707e-05 0.0004706089 0.0002130681
0.4648873 0.4697724 0.05667082 0.005555367 0.002522421 0.0001651098 0.0004035239 1.653831e-05 9.603455e-07 5.627423e-06
0.4781189 0.4658189 0.02181546 0.0005197352 0.01360953 0.01417336 0.001129712 0.004631692 2.317171e-05 0.0001595358
0.4630691 0.5218279 0.01508292 1.102207e-05 8.705207e-07 4.844323e-06 3.233402e-06 5.232025e-08 9.787036e-09 8.388018e-08
0.3030367 0.6442722 0.0495553 0.0004710529 0.001795379 0.0001730581 0.0001171939 0.0003690127 0.0001463429 6.371478e-05
0.464871 0.4776294 0.05744971 2.565476e-05 2.887511e-06 1.575171e-05 3.578431e-06 1.236573e-06 5.230951e-08 6.599604e-07
0.3216596 0.6739165 0.003424317 0.0001083706 2.719075e-05 0.0008560185 3.74249e-06 3.857306e-06 3.523595e-07 8.620381e-08
0.346823 0.5555972 0.0478543 0.0008548956 0.03766327 0.009387555 0.001714269 3.253838e-05 3.264559e-05 4.030654e-05
0.4525798 0.5142972 0.01396288 0.005845105 0.004172194 0.007310812 0.000564732 0.0001657845 0.0005165108 0.0005848885
0.2659213 0.6075696 0.03961971 0.003068771 0.0679385 0.01469476 0.000844104 0.0001455506 0.0001568749 4.084458e-05
0.4640932 0.5291223 0.005672826 0.0006059643 0.0004346045 4.26399e-05 2.476969e-05 9.294372e-08 3.070629e-07 3.236041e-06
0.3964937 0.5721186 0.01590604 0.008409647 0.003050021 0.002835702 0.0008720121 0.0001172958 6.551436e-05 0.000131466
0.4373551 0.5007864 0.0534993 0.001903273 0.004343956 0.002089644 8.434106e-06 9.569191e-06 1.157734e-07 4.168171e-06
0.2252628 0.702186 0.06667837 0.001032976 0.001853694 0.001436222 0.001424446 8.059641e-05 2.614438e-05 1.871373e-05
0.3582834 0.6219466 0.01404151 0.0001632567 0.0003390711 0.0002035303 0.002704164 0.0003188602 0.001324686 0.0006749301
0.2818248 0.6466304 0.06682032 0.003853903 0.0003374364 5.46132e-05 0.000122888 0.0003190661 3.512631e-05 1.458076e-06
0.3713756 0.5735033 0.04278825 0.01204667 0.0001144226 9.411849e-05 1.067372e-05 4.110876e-05 1.46032e-05 1.123013e-05
0.4110203 0.528782 0.04820228 0.01105721 0.0001719824 0.000241807 0.0003997885 8.053471e-05 2.088089e-05 2.318714e-05
0.3265521 0.6622806 0.006744257 0.004381593 1.427785e-05 5.771652e-06 1.024284e-05 2.391349e-06 4.553898e-06 4.165629e-06
0.4233887 0.5486018 0.005987298 0.01158314 0.008438766 0.001534912 2.619939e-05 0.0003445896 3.528911e-05 5.938222e-05
0.4576525 0.5340889 0.007827999 0.0002807937 8.11862e-05 3.232442e-05 7.08005e-06 1.408884e-05 7.904748e-06 7.186334e-06
0.4714671 0.4735665 0.05041011 0.001147494 0.0002864307 0.002186705 0.0002764096 0.0004358776 0.0001073709 0.0001160429
0.3938759 0.5934314 0.01089175 0.000562172 5.70985e-06 0.0004499972 0.0003063873 2.5317e-05 0.0003757995 7.563678e-05
0.2371589 0.6143807 0.1298464 0.003438927 0.004033245 0.0004382473 0.008578845 0.001109198 0.0004134202 0.0006022133
0.3878462 0.5584517 0.04182166 0.001868291 0.003897369 0.00601811 2.048701e-05 2.462327e-05 1.213963e-05 3.942856e-05
0.5519111 0.4429586 0.004070464 0.0002403677 0.0008128397 2.17042e-06 1.948107e-07 2.801086e-06 5.728751e-07 8.278446e-07
0.4455144 0.5233538 0.01295838 0.01418082 0.003061451 0.0004831949 0.0002250066 0.0001352372 3.461679e-05 5.307994e-05
0.3961588 0.5302547 0.07203614 0.0006316402 9.974388e-05 0.000757029 4.698194e-05 1.887361e-06 1.088817e-05 2.182222e-06
0.3877255 0.5839368 0.02615093 2.256952e-05 0.002096601 4.064763e-05 1.399772e-05 1.206514e-05 1.182679e-07 7.661958e-07
0.2842732 0.6847141 0.02914349 0.0008458345 9.506995e-05 7.563877e-05 0.000291132 0.0004521757 5.490606e-05 5.448316e-05
0.3875023 0.5847519 0.01340586 0.002213212 0.004693021 0.006415924 0.0006469478 0.0001904536 5.274026e-05 0.0001276168
0.5075684 0.4468399 0.02089002 0.007694965 0.006615569 0.009051277 0.0006513869 3.535287e-05 0.000300019 0.0003530493
0.3929022 0.5874654 0.0135533 0.003273525 0.0007495729 0.0002870426 0.001084825 2.739417e-05 2.761714e-05 0.0006291084
0.2394694 0.7214663 0.02123145 0.003049585 0.01103576 0.00135553 7.230339e-05 0.001502078 0.0007168075 0.0001008113
0.4189966 0.5560481 0.0138527 0.00322908 0.002880943 0.002672193 0.0004713014 0.0007599102 0.0009598402 0.0001293111
0.3083983 0.5618331 0.06024067 0.02328889 0.01798899 0.02212992 0.001883093 0.003090115 0.0003707506 0.0007762065
0.4893547 0.437026 0.0157553 0.01075813 0.04151324 0.0008968858 0.001626844 0.0009572403 0.000895523 0.001216066
0.4473581 0.5106892 0.01927913 0.01783925 0.002849729 0.001983088 1.254089e-06 2.518277e-07 1.694737e-08 7.724512e-09
0.3564877 0.6144788 0.01918422 0.002804228 0.004484573 0.002111618 0.0001422879 0.000296458 6.874801e-06 3.196559e-06
0.7110353 0.2138344 0.01547449 0.04533658 0.01357307 2.573024e-06 0.000394199 0.0002123012 4.285029e-05 9.425388e-05
0.4460169 0.4045223 0.1446224 0.002603284 0.0006472825 0.0001116567 0.0001006075 2.070169e-05 0.001087905 0.0002669655
0.4815187 0.4904412 0.02078858 0.0005768881 0.001514114 0.002053846 0.001047061 0.001401782 0.0002701442 0.0003876939
0.6715377 0.2866532 0.01883812 0.01295364 0.01000022 7.457251e-06 4.823437e-06 9.382572e-07 3.226624e-06 6.769956e-07
0.5107337 0.4632201 0.009866469 0.00860032 0.003334958 0.0002343202 0.001579626 0.0004709967 0.00065984 0.001299665
0.6236275 0.3250658 0.02069378 0.03011951 0.0001708212 0.0001824297 0.0001299396 2.340301e-06 2.246794e-06 5.594801e-06
0.6341795 0.3009113 0.05390098 0.009445278 0.001261592 4.381231e-05 0.0001579627 5.13797e-05 1.85345e-06 4.630508e-05
0.6977878 0.255306 0.02523062 0.002941285 0.008762786 0.003638408 0.005394252 0.0007787512 2.406673e-05 0.000135991
0.6215231 0.3235423 0.04162114 0.007925396 0.001221493 0.003356143 3.689752e-05 7.937724e-06 0.0001350654 0.000630558
0.5221605 0.4258797 0.0244348 0.02502903 0.002476503 1.148899e-05 5.091971e-06 1.203715e-06 1.156192e-06 5.478476e-07
0.6329116 0.3381843 0.02165052 0.0006236076 0.001801671 0.002158295 0.0002491241 4.681223e-05 0.000991397 0.001382622
0.5952656 0.3733879 0.02891281 0.0005766924 0.0007810276 0.0003561644 6.204369e-05 0.0001062491 0.0001547243 0.0003967342
0.46495 0.5015094 0.03228081 9.322961e-05 0.0008463438 3.142923e-05 8.91069e-05 0.0001969892 2.070225e-06 5.791671e-07
0.6379773 0.2891371 0.02326571 0.007906418 0.01194451 0.02122131 0.003703277 0.001146038 0.002099848 0.001598441
0.6947729 0.2600619 0.03541929 0.002711741 0.006538119 0.0003959266 3.892982e-05 5.399171e-05 6.016356e-06 1.136949e-06
0.7700403 0.1937323 0.0343713 0.0009718515 0.0003414457 0.0004402715 3.139235e-05 6.039766e-05 6.267191e-06 4.416455e-06
0.6797898 0.2861291 0.02485153 0.00273309 0.004804996 0.001388631 0.0002539827 4.478433e-05 3.797265e-07 3.785057e-06
0.7365936 0.2186595 0.03998628 0.003827495 0.0007615341 3.852913e-05 2.214342e-05 1.246469e-05 9.258231e-05 5.893429e-06
0.5895544 0.4030584 0.006515376 0.0008472913 1.196135e-05 1.18986e-06 8.34405e-06 2.862523e-06 1.30418e-07 3.671317e-08
0.5794798 0.3959548 0.01280548 0.003379169 0.00777419 0.0004661363 3.791366e-05 6.616832e-05 2.256813e-05 1.378678e-05
0.5302003 0.4187882 0.03936755 0.003725479 0.002841527 0.002521449 0.00216367 0.0002466798 2.444144e-05 0.0001206408
0.5814987 0.3766374 0.02438842 0.01632857 0.000499286 0.0006383116 4.994434e-06 6.819484e-07 2.138199e-06 1.512337e-06
0.5759351 0.3434238 0.0743673 0.005077671 0.0009560604 1.149442e-05 3.645156e-05 6.553457e-05 0.0001143145 1.230288e-05
0.6370114 0.3494114 0.008145852 0.000422018 0.004757558 5.279696e-05 0.0001951721 4.759215e-07 4.515707e-07 2.928302e-06
0.577236 0.3489487 0.04527438 0.003422708 0.007717511 0.01481589 0.001695456 0.000657564 9.519718e-05 0.0001366674
0.4774576 0.4639247 0.05450066 0.002802965 0.0006068825 0.0001430861 0.0003378008 4.652006e-06 3.531337e-05 0.0001863369
0.5174337 0.403611 0.01658898 0.002787807 0.03693247 0.01797757 0.004603875 5.737084e-05 5.68032e-07 6.69517e-06
0.5756771 0.3848109 0.03320759 0.001711922 0.000255362 0.002577882 0.001236601 0.0002173506 0.0001791169 0.0001262394
0.5989473 0.3593551 0.01390798 0.01431342 0.002316892 0.001481196 0.0006870067 0.006681059 0.0004540617 0.00185592
0.686824 0.2903699 0.01152194 0.003176411 0.004462243 0.003471851 9.686164e-05 6.16762e-05 4.321933e-06 1.080256e-05
0.5954528 0.3723622 0.02987039 0.0006155692 0.001694211 4.623691e-06 8.529047e-08 4.035668e-08 6.327462e-08 5.311978e-09
0.6239683 0.3455342 0.01388506 0.0002141599 0.001853817 0.01353016 0.0003118241 5.147453e-06 0.0005656018 0.0001317256
0.7197778 0.1694615 0.08293314 0.0003437935 0.01026075 0.006119048 0.005263522 0.004769727 0.000384001 0.0006867544
0.5994119 0.356516 0.03640838 0.004686174 0.0008221317 0.000491452 0.0006020013 0.0006016197 6.994405e-06 0.0004533577
0.4979714 0.4673646 0.02718073 0.003405298 0.0009773061 0.001786053 0.0008733202 0.0001484433 0.0001602835 0.0001324815
0.5767231 0.4008002 0.008016263 0.009288928 0.00194743 0.003114598 3.651106e-05 4.022503e-05 3.051791e-05 2.174081e-06
0.5144853 0.4509108 0.02977323 0.00389522 0.0008896836 3.973398e-05 3.157411e-06 1.378842e-06 1.09487e-06 3.426218e-07
0.5230098 0.3718292 0.02858338 0.02697765 0.002771973 0.04659332 0.0001213962 6.017324e-05 4.717645e-05 5.907874e-06
0.497441 0.4271508 0.02929674 0.00126741 0.01429439 0.0179434 0.00952603 0.00175152 4.174938e-06 0.001324522
0.5627721 0.4116853 0.006273058 0.01020997 0.000719704 0.004355711 0.001811811 0.0008012387 0.001028764 0.0003423682
0.5178891 0.3479277 0.1050461 0.02160286 0.00490808 0.0005738814 0.0005195073 0.0002054876 9.225503e-05 0.001235031
0.5863334 0.3609276 0.04593796 0.005347235 0.0007775003 0.000394253 2.108393e-05 0.0002463832 1.099846e-05 3.628291e-06
0.7112526 0.2385231 0.02916792 0.00536927 0.00349444 0.007172749 0.001715623 0.0001944324 0.002405236 0.0007046507
0.669913 0.3262717 0.00202179 0.0006434876 8.337103e-05 0.000642499 6.677934e-05 0.0001026283 0.0001637188 9.096086e-05
0.6239481 0.3240145 0.002012951 0.01267118 0.02770834 0.00223007 0.003081259 0.0006632445 0.001931075 0.001739288
0.5687758 0.412448 0.01315456 0.002551578 0.001473136 0.0008234775 0.0006884869 6.51008e-05 6.29756e-06 1.360316e-05
0.5943761 0.3444745 0.01217419 0.0485077 0.0001729964 6.58686e-05 5.622231e-05 0.0001675964 3.575498e-06 1.227414e-06
0.5779762 0.3927582 0.01320921 0.008320932 0.004543305 0.000698189 0.0003242466 0.001904988 4.904874e-05 0.0002156432
0.4284076 0.5039209 0.04214263 0.01540911 0.002940922 0.001303467 0.002080141 0.002294547 0.0003123073 0.001188367
0.638686 0.2736909 0.02767504 0.04393061 0.004564541 0.005635925 0.005283547 0.0005111779 2.149191e-05 7.83139e-07
0.6360534 0.3133708 0.04127089 0.003610663 0.002991278 0.0002019643 0.0003365699 0.0001514454 0.0001151558 0.00189788
0.5721304 0.4130232 0.009869672 0.002247567 0.001205819 0.0007534666 0.0003553534 0.0003169603 7.365214e-05 2.394705e-05
0.6840883 0.3103325 0.004761042 0.000609213 0.0001283782 3.78983e-05 4.016285e-05 1.299214e-06 2.845447e-07 8.679229e-07
0.5405936 0.3153713 0.0458272 0.06541676 0.03184876 0.0002101075 0.0006216436 8.152463e-05 5.116454e-06 2.390765e-05
0.6416189 0.3398179 0.01166157 0.006456174 0.0003422638 4.673524e-05 5.25372e-05 1.067423e-06 2.43031e-06 4.737743e-07
0.5748617 0.3752358 0.004140126 0.01585402 0.00518904 0.02229842 0.00204213 0.0001843191 5.01725e-05 0.0001442951
0.7279131 0.2407052 0.02077114 0.001807264 0.0009268759 0.003637879 0.001526481 0.002003076 0.0006739038 3.512255e-05
0.5247027 0.3714641 0.091019 0.00792879 0.003008301 0.001155846 0.0003469916 4.845782e-05 0.0001630496 0.0001627578
0.6036069 0.3797822 0.01480557 0.001777106 2.446094e-05 3.532471e-06 3.067609e-08 3.565679e-08 9.263128e-08 7.870903e-08
0.6317746 0.3073498 0.02448359 0.002372719 0.02756529 0.005981395 0.0004599725 1.076073e-06 5.047156e-06 6.519134e-06
0.6208987 0.3375821 0.01613544 0.009650801 0.003522034 0.0006610401 0.007310985 0.000251457 0.001287564 0.002699911
0.7150973 0.2594309 0.02421034 0.0003696974 0.0005371245 0.0002075166 5.990372e-06 7.9359e-05 2.309497e-05 3.865941e-05
0.629139 0.3525177 0.01691955 0.0004207986 0.0009583762 5.880081e-06 3.081155e-05 4.256662e-06 3.388008e-06 2.489512e-07
0.7796968 0.1303775 0.01244379 0.02432758 0.01306409 0.0206195 0.01304035 0.006367174 2.605704e-05 3.715581e-05
0.4711104 0.4860031 0.03856678 0.00201914 0.002091483 0.0001696175 1.999169e-05 1.085187e-05 6.581916e-06 2.104943e-06
0.5572999 0.3973588 0.04517839 0.0001196969 4.086424e-06 1.542747e-05 1.431671e-05 7.003248e-06 1.109653e-06 1.29292e-06
0.4433416 0.4374946 0.06128422 0.04359181 0.00719663 0.006336429 0.0004725168 0.0001331397 9.188209e-05 5.725284e-05
0.4986043 0.4755228 0.02432545 0.0004306903 0.001063242 6.673595e-06 3.626285e-05 7.077447e-06 3.291515e-06 2.871017e-07
0.5724032 0.3329383 0.009693187 0.04552837 0.03064296 0.0008184055 0.002744698 0.004736879 0.0004913374 2.677229e-06
0.6901552 0.2727886 0.02441093 0.009034719 0.001144865 0.0003562525 0.0001709444 2.427597e-05 2.821841e-06 0.001911398
0.4739804 0.4077163 0.1156561 0.000661525 0.001948821 4.935953e-06 2.353583e-05 4.954324e-06 1.097318e-06 2.264961e-06
0.5582414 0.3524698 0.07329705 0.00939883 0.003904087 0.0003349692 0.001183532 0.0009027098 0.000209114 5.847645e-05
0.5905051 0.367996 0.02866747 0.00108583 0.001957615 0.0009405341 0.0002498244 0.005278692 0.0007967529 0.002522202
0.4854211 0.4777515 0.02632451 0.002303438 0.002138873 0.002360096 0.00294618 0.0003120823 0.0002902412 0.0001519729
0.4913375 0.4915394 0.01105784 0.004584039 0.0004948742 0.000238164 0.0002894226 0.0001908705 0.00015199 0.0001159153
0.5516835 0.4356484 0.004463756 0.00172239 0.002185985 0.001837624 7.268643e-05 0.00111257 0.000389667 0.0008835006
0.5202069 0.4557793 0.01345151 0.006323863 0.002007122 0.001122752 0.0002360381 0.0005076 0.0003534755 1.139551e-05
0.636061 0.3629284 0.0007240422 0.0001750072 7.75315e-05 2.580584e-05 4.016907e-06 1.76726e-06 1.208248e-07 2.320757e-06
0.476277 0.4670653 0.02242222 0.02721395 0.006278769 0.000513395 0.0001384291 4.859977e-05 1.127999e-05 3.106748e-05
0.6983253 0.2543002 0.02352442 0.002043522 0.01910434 0.001145672 0.0004630866 0.0007001653 0.0003009835 9.239494e-05
0.5058955 0.4378979 0.0542644 1.189879e-05 0.0008412745 0.000944688 9.280143e-05 3.032025e-05 1.190903e-05 9.285109e-06
0.5322952 0.4017997 0.04840793 0.01250024 0.002429585 0.001071333 0.001225869 0.0001601456 9.173801e-05 1.83238e-05
0.6200511 0.2936221 0.08461272 0.0001140745 0.0003080777 0.0009242272 0.0003039912 2.192088e-05 2.360124e-05 1.821529e-05
0.4310735 0.5353622 0.02594801 0.003572263 0.003703462 7.589661e-05 0.000205261 9.079084e-06 2.209047e-05 2.824985e-05
0.6456074 0.2908377 0.05935771 0.004028218 2.440063e-05 5.525039e-05 8.516732e-05 3.800796e-06 1.925268e-07 1.143316e-07
0.4255214 0.5027049 0.02854183 0.001466307 0.03819168 0.003318706 0.0001321706 0.000103821 8.763748e-07 1.83152e-05
0.6442494 0.3213491 0.02155699 0.003088124 0.004840987 0.003110582 0.001303322 0.0001509987 0.0002303187 0.0001201785
0.3651516 0.538153 0.09038165 0.005912514 1.478711e-05 0.0001724743 7.6332e-05 6.609674e-05 7.024024e-05 1.377039e-06
0.5483765 0.4314783 0.01240077 0.004846675 0.001101563 0.00125185 6.179063e-06 0.0004122783 0.0001206224 5.288098e-06
0.525323 0.3635868 0.02141847 0.06275773 0.02443791 0.001788613 0.0004669876 0.0001186177 9.242475e-05 9.419791e-06
0.635035 0.2942364 0.02854549 0.03251004 0.0002086118 0.008226781 0.0003312853 3.603874e-05 5.437843e-06 0.0008649042
0.6337467 0.3034915 0.03578019 0.01213686 0.008460086 0.0009125125 0.002325874 0.003054877 2.021108e-05 7.118108e-05
0.6424561 0.3505955 0.003599081 0.002868892 0.0001854228 0.0002784614 1.285001e-05 1.596505e-07 8.830698e-07 2.645317e-06
0.6087149 0.3738197 0.009167751 0.004362545 0.003448972 0.0004845813 6.999923e-07 9.642878e-08 8.227766e-07 1.25602e-08
0.4699981 0.3903772 0.08764531 0.03504798 0.008294967 0.002748158 0.003893824 0.0004218464 0.0004124802 0.001160138
0.6551149 0.3136547 0.03047072 0.0007011424 1.36052e-05 1.896646e-05 2.382925e-05 2.088404e-06 3.908472e-08 3.700947e-08
0.524395 0.4626975 0.006548306 0.006097914 5.779368e-05 6.553663e-05 0.0001214951 9.328087e-06 5.654334e-06 1.456459e-06
0.5433528 0.363122 0.02358079 0.02347153 0.03924455 0.001677926 0.002486707 0.002570259 0.0004212956 7.221145e-05
0.5648153 0.3786384 0.03149212 0.01985217 0.0009370039 0.0003708717 0.002888669 0.0001448008 0.0003693865 0.000491204
0.7047598 0.2644979 0.01075289 0.01463365 0.0001225621 0.003099152 0.001708482 0.0004215173 1.790064e-06 2.236581e-06
0.6807462 0.3109649 0.007211323 0.0005241987 0.000293004 0.0001095335 6.518916e-05 6.604636e-05 3.747121e-06 1.578517e-05
0.4399257 0.4744945 0.0737297 0.008280263 0.001795206 0.001171792 0.0003983732 5.736114e-05 0.0001001385 4.6928e-05
0.5221465 0.4158415 0.0404109 0.01682926 3.131907e-05 0.001324495 0.0003881428 0.002052937 0.0005331542 0.0004417471
0.6544528 0.2975387 0.04384482 0.003343663 0.0006424709 2.402116e-05 1.605608e-05 0.0001192146 1.505472e-06 1.673806e-05
0.6792358 0.275609 0.042541 0.0001150971 0.0001875542 0.002138306 0.0001543579 1.336842e-05 2.896565e-06 2.685142e-06
0.5681198 0.3162716 0.01573465 0.01676866 0.05349403 0.001513191 0.0006252678 0.02688708 0.0001288485 0.0004569305
0.5993088 0.3534221 0.03133969 0.00797913 0.003896184 0.0007743446 0.001833851 0.0007540366 0.0004619949 0.0002298391
0.5416415 0.4482558 0.006101486 0.002425691 0.0008759721 0.0002547118 0.0004227758 1.806391e-05 3.20098e-06 7.446397e-07
0.7493611 0.2175738 0.00454899 0.01620987 0.01062706 0.0009173807 3.259476e-05 0.0006014114 0.0001147439 1.302149e-05
0.6719806 0.2552809 0.02873384 0.004806669 0.03577466 0.001287631 0.001706947 0.0001208319 0.0001337028 0.0001742292
0.6096719 0.3018448 0.0707896 0.01402525 0.0008999576 0.001469843 0.0004281917 9.835276e-05 0.0003647307 0.0004073623
0.5398513 0.4515791 0.004098495 0.001448146 0.000279517 0.0004629143 0.001583704 4.759751e-05 0.0005068325 0.0001423909
0.6888953 0.2675285 0.03257044 0.002420544 7.771963e-05 0.007334632 0.0005180838 6.471771e-05 6.928547e-05 0.000520693
0.5926488 0.3039875 0.04208683 0.01697504 0.009189386 0.02374895 0.01044644 0.0006659826 0.0001616995 8.939045e-05
0.4831871 0.4259259 0.06387934 0.008908039 0.006628521 0.001061929 0.003615402 0.00102568 0.00450332 0.001264757
0.6067125 0.3603803 0.03078246 0.0008017473 0.00119647 9.106404e-05 2.951691e-05 4.592334e-06 3.559186e-07 9.691195e-07
0.6064596 0.3448474 0.04859352 3.885512e-05 5.304389e-05 5.13484e-06 4.528127e-07 9.288341e-07 4.290924e-07 5.844705e-07
0.5260865 0.4085711 0.0466562 0.01682887 0.001241604 0.0001908039 8.710655e-05 3.20605e-06 0.0001959965 0.0001385764
0.5305885 0.4423157 0.02155387 0.0005787896 0.003502155 0.0001374866 0.0004214358 0.0003225664 0.0001812851 0.0003982258
0.6089728 0.324768 0.06463311 0.001522726 9.402128e-05 6.715709e-06 2.188478e-06 1.093922e-07 2.908775e-08 3.557622e-07
0.6283057 0.3500045 0.02155532 0.000101574 2.046888e-05 1.075501e-05 8.441648e-07 7.584091e-07 5.417079e-08 5.079178e-08
0.5776434 0.4026306 0.003929116 0.005540598 0.003168896 3.281242e-05 0.002091766 0.003691033 0.0001147958 0.001157028
0.4938028 0.4767135 0.02628541 0.002013582 0.0007754167 0.0003151133 9.104083e-06 6.566787e-05 1.209495e-05 7.268453e-06
0.5206595 0.4586495 0.01289515 0.007453935 0.0001713497 0.0001360223 3.238771e-05 3.87107e-07 4.335771e-07 1.293279e-06
0.5332828 0.4315451 0.02467508 0.008993524 0.000111402 0.001210251 8.298765e-05 2.427522e-05 7.433206e-05 2.784397e-07
0.7181198 0.2214487 0.04598351 0.002365465 0.01007657 0.001859311 9.527867e-05 2.00596e-05 1.028309e-05 2.100021e-05
0.568881 0.4264434 0.004441216 8.109046e-05 0.0001374557 7.425896e-06 7.174748e-06 1.243202e-06 6.437935e-09 1.523914e-08
0.6204302 0.323163 0.04728678 0.008919218 0.0001843097 8.621148e-06 4.570232e-06 1.077225e-06 1.666645e-06 5.095358e-07
0.6781194 0.3111501 0.01071484 1.545746e-05 1.382948e-07 7.240319e-08 3.639058e-09 4.766343e-11 6.369289e-10 8.321444e-11
0.6025004 0.3965566 0.0009140462 1.679857e-05 1.70944e-06 2.988264e-06 5.437691e-06 1.592211e-06 4.708446e-08 3.568447e-07
0.6704568 0.2909286 0.02380504 0.007511378 0.002962973 0.002327238 0.001287593 0.0006363916 4.685885e-05 3.711947e-05
0.5783894 0.3849623 0.02886173 0.00507062 0.002477872 0.0002115648 1.828512e-05 8.148614e-06 5.079757e-08 4.506149e-08
0.6493851 0.2873327 0.04678785 0.01045093 0.0012141 0.003795385 0.0002846607 3.049434e-05 3.445588e-05 0.0006843482
0.4212825 0.421092 0.1344267 0.00252791 0.002125835 0.00745452 0.006239519 0.001004072 0.002119054 0.001727837
0.6826254 0.3063585 0.009347838 0.0005923001 0.0006235767 0.0002012609 0.0001888965 4.235928e-05 5.460579e-06 1.444161e-05
0.5280691 0.3903038 0.03631391 0.04159443 0.0002794395 0.0006683777 0.001859439 3.46008e-05 0.0006382792 0.0002386064
0.5306826 0.4146541 0.03757729 0.01354651 0.001409133 0.0007210365 0.001203264 0.0001062996 3.937829e-05 6.04465e-05
0.5486024 0.404136 0.04495766 0.0008497772 0.0001215735 0.001116181 0.0001297996 7.499069e-05 1.974505e-06 9.685412e-06
0.633432 0.3457843 0.02042509 0.0003539581 3.658403e-06 4.703236e-07 3.562502e-07 3.62889e-08 1.729716e-07 2.474532e-08
0.6537885 0.3165403 0.01870691 8.723458e-05 0.002705489 0.002785804 0.002789803 0.0007431457 0.001844234 8.518164e-06
0.568309 0.3794643 0.03456628 0.01017771 0.004502117 0.0002733301 0.002227419 0.0002233387 6.109038e-05 0.0001954652
0.6160236 0.3436402 0.03334461 0.005896686 0.0005924012 0.0003010972 0.0001530458 4.420933e-05 2.79121e-06 1.320275e-06
0.5879205 0.3080115 0.07677647 0.0006836403 0.003740847 0.02019031 0.001520499 0.0003360042 0.0001732583 0.0006469972
0.7123248 0.2116512 0.0708852 0.003536326 0.0004985419 2.256219e-05 0.0009611934 2.549193e-05 2.711099e-06 9.197722e-05
0.4798189 0.4427886 0.06138932 0.004689825 0.006677426 0.000130875 0.003954804 0.0005402067 4.411548e-06 5.668652e-06
0.5990578 0.3972147 0.002938694 0.0001165771 6.884764e-05 0.0004729941 3.320995e-05 4.012017e-05 2.703692e-05 3.002605e-05
0.732087 0.2658241 0.001448986 0.0005262198 3.143248e-05 1.920786e-05 3.388349e-05 1.468428e-05 8.566184e-07 1.370878e-05
0.5861727 0.3475936 0.05458886 0.001606823 0.005784814 0.003186192 0.0008972784 0.0001662719 3.375448e-06 3.197349e-08
0.6972015 0.2454701 0.03908722 0.002312352 0.01464783 0.0005243519 0.0005143287 0.000229535 1.035993e-05 2.417195e-06
0.5005295 0.4252443 0.04817795 0.01514737 0.007500876 0.002944456 0.0001676699 8.249537e-05 3.967821e-05 0.000165696
0.4238876 0.5302396 0.01861128 0.02453925 0.00112812 0.0005528687 0.0009282722 5.527542e-05 2.851308e-05 2.92208e-05
0.6735439 0.3138613 0.01162182 3.069988e-05 0.0002796965 1.09364e-05 0.0003212976 0.0002232148 7.008147e-05 3.700079e-05
0.5163907 0.4503549 0.02602988 0.006244017 0.000410893 0.0003401808 4.2513e-05 5.706527e-05 6.336357e-05 6.648258e-05
0.5968709 0.3715562 0.02032933 0.004948305 0.004208481 0.001764355 0.000152024 2.385689e-05 0.0001065128 3.99794e-05
0.7072894 0.1790574 0.08712478 0.0164514 0.007453564 0.001555774 3.287277e-05 0.0003280214 7.248998e-05 0.0006342371
0.4508902 0.4978002 0.03373058 0.01358571 0.0001132126 0.002703989 0.000705641 7.215756e-05 0.000165211 0.0002331804
0.5664321 0.4185048 0.01356385 0.0007957399 2.06079e-05 0.0003278464 0.0001205486 0.0002279307 4.620089e-06 1.955839e-06
0.7441745 0.2259935 0.0222114 0.001301201 0.0002250613 0.002930261 0.0002806136 0.001923209 3.523554e-07 0.0009599178
0.4906231 0.4728255 0.004106839 0.007572213 0.004052685 0.01798943 0.002055897 0.0002886936 0.0003749906 0.0001107027
0.6350413 0.3072012 0.04958864 0.006580146 0.0005516852 0.001027116 2.20634e-06 1.051751e-06 3.501619e-07 6.348926e-06
0.6418571 0.3236495 0.0340612 0.0002472087 4.423912e-05 7.281888e-05 2.360841e-05 8.71351e-06 6.6578e-06 2.89403e-05
0.6580129 0.3038504 0.006462965 0.007767332 0.002732227 0.002103748 0.008715958 0.008610453 0.0007566874 0.0009873449
0.675935 0.3121037 0.011728 0.0001949425 2.705364e-05 5.815239e-06 1.542668e-06 1.175967e-06 2.007794e-06 7.604379e-07
0.5149348 0.4523498 0.01857535 0.01092776 0.001799447 0.0003132275 0.0005281385 0.0002342283 0.0002046407 0.0001325719
0.5639282 0.3950291 0.01734372 0.02258444 0.0006826234 0.0002487485 1.716136e-06 0.0001217395 1.201215e-05 4.76432e-05
0.5759216 0.4067718 0.01193108 0.0028002 0.001307446 0.000367869 0.0005222313 4.107904e-05 0.0002148469 0.0001219314
0.5731059 0.3860237 0.03677386 0.002845307 0.0007009693 0.0002731131 1.047807e-05 0.0001992918 2.721047e-05 4.014473e-05
0.5492652 0.4192762 0.01743551 0.003322145 0.0005146592 0.006186121 0.002772361 0.0003971573 0.0001789172 0.0006517322
0.5697641 0.3694272 0.0517188 0.001732422 0.00696896 0.0001182338 0.0001283155 9.97401e-05 6.092471e-06 3.60799e-05
0.6792931 0.2728482 0.040784 0.005824804 0.001134613 5.177736e-08 6.734427e-05 3.801851e-05 7.341155e-06 2.516726e-06
0.5655448 0.3562896 0.04903541 0.01475592 0.01146118 0.002453331 0.0001972061 0.0001667062 2.826817e-05 6.75985e-05
0.7129044 0.2378889 0.04124441 0.0003679567 0.003563951 7.262473e-05 0.002102517 7.288886e-05 0.001381848 0.0004005217
0.5814748 0.4126666 0.002640559 0.00147366 0.0002469397 0.0001974953 0.0001445022 3.037614e-05 0.001113672 1.145122e-05
0.5063963 0.481803 0.01154663 0.0001350977 4.66387e-05 1.208987e-05 1.610257e-07 4.429007e-05 3.051514e-06 1.277046e-05
0.5948727 0.3717021 0.02269841 0.0001154668 0.002273809 0.007926668 0.0003717523 4.133476e-06 3.364588e-05 1.272457e-06
0.6699221 0.2821704 0.01872689 0.01099269 0.009473474 0.005426241 0.002053128 0.001138795 2.521406e-05 7.111604e-05
0.5460102 0.3928891 0.04719157 0.009626718 0.001068016 0.001757776 0.000508705 0.000533001 7.8387e-05 0.0003364886
0.5156849 0.4325878 0.03843417 0.008950262 0.002774018 0.001474172 1.326203e-05 3.048764e-05 8.488409e-06 4.236634e-05
0.5494038 0.4165729 0.02329565 0.003645152 0.005033397 0.001703361 0.0002520993 8.354e-06 5.901566e-05 2.627307e-05
0.4785937 0.4637441 0.0571089 0.0004896187 2.561077e-06 3.845613e-05 1.857965e-05 2.53367e-06 5.35028e-07 9.945056e-07
0.5341011 0.439256 0.005540874 0.0192494 0.00139421 0.000315901 5.076662e-05 3.337508e-06 7.143255e-05 1.692088e-05
0.6694558 0.3190676 0.009517638 0.000852133 8.383025e-06 0.0008420159 4.611859e-06 0.0002250259 1.981901e-06 2.489447e-05
0.5972824 0.369096 0.01422262 0.01134434 0.005723775 0.0009239648 0.001296333 2.851106e-05 3.210591e-05 4.990701e-05
0.4649695 0.5088281 0.007999674 0.01661407 0.0007444873 0.0006181422 4.908761e-05 5.706119e-05 7.718923e-05 4.276056e-05
0.56902 0.4213465 0.001001522 0.007672068 0.0004218043 0.0003765887 2.221139e-05 7.838583e-05 4.546908e-05 1.537639e-05
0.5725371 0.4115065 0.009675292 0.004513693 0.001487022 0.0001207122 9.585564e-05 3.048626e-05 1.110199e-05 2.229322e-05
0.5806524 0.3873566 0.01618905 0.002400108 0.004090971 0.001413495 0.0002314101 0.002630496 0.001156134 0.003879329
0.6379395 0.3005575 0.05502528 0.00446607 0.001839281 3.737652e-05 9.194602e-05 2.68752e-05 3.801518e-06 1.235199e-05
0.6939544 0.2738589 0.02171461 0.0009329284 0.002176638 0.002256008 0.0002024258 0.003849112 0.0006180239 0.0004369891
0.6983182 0.2856856 0.003889272 0.009076961 0.001576806 0.0007926712 0.0003173543 0.0001685199 8.471557e-05 8.98954e-05
0.5453586 0.3933275 0.0374404 0.02186563 0.0003894982 0.001421186 4.602862e-06 6.119661e-05 1.641102e-05 0.0001149165
0.5138216 0.444804 0.03206474 0.007303407 0.001272931 0.0001781279 0.0002308385 0.0002100546 6.226682e-05 5.197646e-05
0.5221335 0.4133655 0.01594841 0.03813655 0.00616392 0.003815488 0.0002249791 0.000181754 1.612303e-05 1.375237e-05
0.5225122 0.4071348 0.02458038 0.03895724 0.001555897 0.002334599 0.001016523 8.5808e-05 0.001641471 0.0001810859
0.5086426 0.4375091 0.03416712 0.001570614 0.0006534471 0.01743987 8.655132e-06 7.087512e-06 6.560607e-07 8.937111e-07
0.4104462 0.4732383 0.09112682 0.02277467 0.0009979949 0.00104178 0.0001314691 0.0001093551 0.0001075998 2.579142e-05
0.5366288 0.397469 0.02861146 0.009059421 9.024547e-05 0.02344184 0.0006908837 0.003819472 0.0001040916 8.475967e-05
0.583543 0.2784014 0.1172792 0.01246571 0.0007456197 0.002663871 0.001959233 0.0009588304 0.001661837 0.0003214323
0.6501464 0.3278114 0.01356937 0.002319532 0.0006417179 0.00471258 5.77402e-05 0.0005358667 0.0001524932 5.283844e-05
0.5921664 0.3680785 0.032573 0.005391169 1.443974e-07 0.001626459 5.122688e-05 3.687397e-05 8.929227e-06 6.724306e-05
0.4677158 0.5152259 0.01046946 0.005929264 3.954524e-05 0.0002994336 6.326931e-06 4.358735e-05 3.086133e-05 0.0002398251
0.5952846 0.3253268 0.07722967 0.001693301 0.0001249938 4.416755e-05 0.0002534564 1.049255e-05 1.794173e-05 1.451462e-05
0.6592096 0.3187207 0.02120232 0.0003908315 0.0003475959 3.013894e-05 8.396816e-05 1.45793e-05 3.352607e-08 2.134925e-07
0.5456337 0.3862675 0.05886349 0.004628768 0.004071553 0.0001938739 0.0002142764 7.963343e-06 0.0001111044 7.826961e-06
0.662983 0.2991914 0.03490901 0.0007257047 0.0008584456 8.363509e-06 0.001041606 0.0002679812 4.307625e-06 1.009213e-05
0.6032794 0.3686461 0.01781185 0.003552972 0.004139293 0.002104167 0.0002171689 0.0001057519 6.046504e-05 8.278104e-05
0.3970595 0.5919358 0.007040167 0.001561361 0.0001049365 0.00128667 2.60224e-05 0.0005641064 0.0002862966 0.000135114
0.5865594 0.353033 0.01136122 0.008849968 0.03072878 0.00362687 0.001056084 0.0007826074 0.000957243 0.003044782
0.6169476 0.3281609 0.0467659 0.005883023 0.001970014 0.0002584076 3.704539e-06 2.576346e-06 5.811677e-06 2.0345e-06
0.5505191 0.4241576 0.02020347 0.0009622573 0.0007210292 0.001389827 0.001195512 8.97312e-05 0.0003297864 0.0004316863
0.4701246 0.4860825 0.02307905 0.007719503 0.0118232 0.0002673103 0.0008374805 2.041854e-05 2.153815e-05 2.439925e-05
0.5280813 0.4088926 0.04769589 0.006576946 0.00369302 0.0005236689 0.003089214 0.0008804971 0.0002648397 0.0003019804
0.5819138 0.3887479 0.02569091 0.0001405986 0.002209107 0.0007518194 0.0001068637 0.0004352339 2.263856e-06 1.506741e-06
0.6097063 0.3501899 0.03081403 0.006063671 0.001117398 0.001239606 0.0001001478 8.348772e-06 1.832149e-05 0.000742327
0.5350636 0.4042799 0.05390081 0.005218867 0.0002544641 0.0006271395 0.0002468297 0.000339735 2.410315e-05 4.44635e-05
0.4600687 0.4617108 0.01599265 0.03912877 0.004163825 0.01062314 0.00799601 7.441145e-05 9.201348e-05 0.0001496819
0.5163062 0.3734766 0.07919995 0.02560664 0.002552344 0.0009849349 0.0008753573 0.0004993914 6.916069e-05 0.0004294006
0.4795393 0.4605679 0.03579618 0.01016581 0.001934793 0.001976667 0.009143819 0.0003507984 0.000352363 0.0001723094
0.6499473 0.3214843 0.01845547 0.0005119006 0.005465549 0.0003357183 0.001670514 0.0005349284 0.000201154 0.001393128
0.7016753 0.2938454 0.002218413 0.0004312299 0.001335837 0.0001633732 1.305954e-05 8.24336e-05 0.000202417 3.256284e-05
0.533969 0.4335321 0.02436154 0.002355346 0.00107961 0.004570615 3.856769e-05 2.176844e-05 4.713763e-05 2.435063e-05
0.615027 0.3148442 0.03062707 0.03154756 0.003831949 0.001988439 0.001972395 0.0001008534 3.056136e-05 2.997385e-05
0.5776914 0.3512729 0.0334209 0.02616379 0.009313561 0.002109193 1.260588e-05 7.207474e-06 2.332789e-06 6.101076e-06
0.5233784 0.4514462 0.02234171 0.0003067619 0.002215322 1.8092e-05 0.000199438 5.04782e-05 3.192891e-05 1.169798e-05
0.416206 0.5366688 0.0219116 0.01710766 0.003192343 6.434014e-05 0.001066688 0.002407487 0.001244382 0.0001307054
0.5061875 0.4605409 0.01598937 0.01471532 0.001963117 1.981876e-05 8.127089e-05 0.0004656309 2.003288e-05 1.703369e-05
0.4771775 0.449891 0.009136863 4.014226e-05 0.04054287 0.01873114 0.0004882851 0.003358186 0.0003371058 0.0002969408
0.5391237 0.4340751 0.01243677 0.01248888 0.001071651 0.0005339456 6.490196e-05 6.723659e-05 0.0001336809 4.210785e-06
0.436432 0.5110275 0.04625123 0.002902382 0.003273986 1.857952e-06 2.924502e-05 3.758863e-05 2.944621e-05 1.479456e-05
0.6440552 0.2863724 0.06309782 0.001543558 0.002160985 0.0005962745 0.0006566511 0.0001863525 0.0007657032 0.0005650747
0.6122689 0.3652204 0.01459374 0.004575611 0.003076645 2.609364e-06 0.0002028203 2.080942e-05 2.288715e-05 1.562421e-05
0.4592151 0.4887641 0.04354045 0.005577725 0.0006936996 0.0008007099 0.0002320921 0.0009924014 0.0001224982 6.122676e-05
0.5398502 0.3961183 0.05768573 0.002379556 9.376002e-05 0.002579537 0.0002507659 0.0005930774 0.0003603623 8.869917e-05
0.4925416 0.4705878 0.03457959 0.001453467 6.978463e-05 6.233365e-05 0.0001912637 0.0001839337 0.0001065582 0.0002237457
0.5961558 0.384246 0.003184798 0.01515628 4.997731e-05 6.820124e-06 0.0004699934 0.0005939091 4.218255e-06 0.0001321777
0.620889 0.3150467 0.02750888 0.01508145 0.01818894 0.0009556211 0.0002381724 0.0007812552 0.0005392197 0.0007708043
