0.2615063 0.1268082 0.0005390414 0.001918194 0.4169487 0.08420809 0.08593371 0.0125589 0.002383665 0.007195171
0.4924752 0.4352835 0.06813163 0.0009817963 0.001822565 7.765454e-05 0.001089623 4.220251e-05 8.691539e-05 8.953879e-06
0.5269459 0.4636901 0.004999963 0.003828602 0.0002942746 8.583236e-05 2.621821e-05 3.857867e-05 8.886742e-05 1.71471e-06
0.3872758 0.5813952 0.008279036 0.01059765 0.01168167 0.000639245 8.299282e-05 4.150425e-05 6.435569e-06 4.497716e-07
0.5625727 0.4066149 0.01788514 0.007815732 0.002667059 0.001493078 0.0005338497 0.0002110184 8.810646e-05 0.0001184553
0.3298647 0.613356 0.03893193 0.006184543 0.004638325 0.005537027 0.001154279 0.0002559257 6.901084e-05 8.239326e-06
0.3107481 0.6758337 0.009091925 0.001985785 0.001908127 0.0003321087 7.753084e-05 3.714736e-06 1.301794e-05 5.97249e-06
0.46682 0.4780664 0.0493509 0.001910708 0.00157987 0.001054125 0.0002210161 0.0003632432 8.452138e-05 0.0005492102
0.4796983 0.4730287 0.04043517 0.002997666 0.0003128389 0.003290188 0.0001141884 3.803078e-06 0.0001167393 2.393993e-06
0.6192325 0.3067677 0.04729992 0.02551167 0.0001187478 0.001007669 7.806889e-06 1.563701e-05 6.346046e-08 3.831112e-05
0.4609599 0.5132694 0.01617166 0.008774134 0.0006523317 0.0001067886 6.483861e-05 7.808553e-07 7.644127e-08 1.378712e-07
0.4953844 0.4956597 0.005918367 0.001678083 0.001031883 3.719737e-05 0.0001687039 9.159392e-05 1.194674e-05 1.812162e-05
0.5489723 0.4130054 0.03379833 7.271317e-05 0.0008678729 0.0009702643 0.001283905 0.0008656385 1.269849e-05 0.0001509266
0.45232 0.509635 0.03038576 0.002117873 0.004397814 0.0002813842 0.0008514431 8.748666e-08 6.581182e-06 3.985756e-06
0.3412565 0.5841157 0.07451272 9.914259e-06 3.282941e-05 3.563805e-05 1.955851e-05 4.519606e-06 1.046015e-05 2.097747e-06
0.3803925 0.5886859 0.01730925 0.01180464 0.0004123035 0.0007370973 0.0001140542 0.0004585688 3.817085e-05 4.753332e-05
0.6217927 0.3638223 0.003978376 0.007939518 0.0005714105 0.001370404 1.171133e-05 0.0002823167 3.223492e-05 0.0001989927
0.3924703 0.5893583 0.01390752 0.0007224782 0.0009326513 0.0006669747 0.001466558 0.0002066575 0.0001546144 0.000113936
0.4442319 0.5452156 0.00766201 0.0003155994 0.002531934 2.484877e-05 1.719496e-05 2.016245e-07 6.167766e-07 6.469119e-08
0.3346924 0.6054852 0.05139854 0.003074623 0.001228686 0.003541163 0.0004051888 1.329728e-05 0.0001544022 6.420751e-06
0.2840663 0.6082308 0.09430275 0.001194129 0.01073861 0.0009219975 5.525223e-05 0.0001853155 0.0002906727 1.421863e-05
0.323325 0.5754535 0.09999507 0.0005318058 0.0005134429 5.074192e-05 0.0001274864 2.890624e-06 1.135717e-08 7.134042e-08
0.2859175 0.6994037 0.006678099 0.002195393 0.002064697 0.001699587 0.001871835 9.653287e-05 5.862749e-05 1.40201e-05
0.4141755 0.5648373 0.0128605 0.005992599 0.00194965 0.0001840681 6.959626e-08 2.190574e-07 3.51924e-08 4.444532e-08
0.3911349 0.5527365 0.02321607 0.02128508 0.003669653 0.006195613 0.0002811554 0.001219316 0.0001176493 0.0001441273
0.4119711 0.5006349 0.07589787 0.009173732 0.001996191 0.0002700456 1.689894e-07 2.732291e-05 2.563554e-05 3.034715e-06
0.5161332 0.4719351 0.008488878 0.002534041 0.0006996125 0.0001920063 1.269487e-05 5.356219e-07 3.264119e-06 7.127581e-07
0.4204397 0.5051762 0.01972001 0.01325961 0.009895755 0.002686444 0.02041193 0.003691455 0.0007617902 0.003957147
0.5037945 0.4934055 0.001264898 0.0006177384 0.0008930542 8.941224e-06 6.086165e-06 6.641001e-06 3.742679e-07 2.273198e-06
0.5254332 0.4216438 0.01375764 0.02824651 0.001556687 0.0009356141 0.003107789 0.002871602 0.0009660732 0.00148103
0.5639895 0.3147581 0.06816272 0.03243159 0.008473827 0.004113856 0.005382059 0.002351012 0.0002988486 3.851094e-05
0.5359836 0.4423306 0.01498098 0.004765517 0.001052894 0.0006128494 0.0001061371 1.195584e-05 0.0001292832 2.615843e-05
0.5266966 0.4230233 0.01421542 0.01715889 0.01875653 7.71405e-05 6.751513e-05 8.036249e-07 2.19403e-07 3.573926e-06
0.5455996 0.4018222 0.04687698 0.002802945 0.0012574 0.0008466645 0.0001137225 0.0001838663 0.0004373091 5.932531e-05
0.5795905 0.3449165 0.01860744 0.03907048 0.01076607 0.005563111 0.00146898 8.006479e-07 9.773708e-06 6.344276e-06
0.5444781 0.4080691 0.02210461 0.0150458 0.001074254 0.005341921 0.002587805 0.001276739 8.108958e-06 1.357109e-05
0.5255295 0.4442188 0.01678161 0.007189505 0.0006857847 0.0009395533 3.155572e-05 0.0001810209 0.002278904 0.002163781
0.5342505 0.4277054 0.02515866 0.002090886 0.0006304325 0.008362276 7.373617e-05 0.001298704 0.0003646807 6.468605e-05
0.5689161 0.3400024 0.07970753 0.003055138 0.0005078762 0.004005763 0.002564678 0.0001683097 0.0008488228 0.0002233692
0.6878533 0.2978698 0.006466804 0.0009484929 0.001337472 0.003144681 0.001962314 9.812158e-05 0.0001189667 0.0002000072
0.4636577 0.4685234 0.039512 0.02013555 0.003432709 0.0006937553 0.002126978 0.0005567478 0.0008260826 0.0005350964
0.5581251 0.4241174 0.01042007 0.006705331 0.0004652717 0.0001022554 3.604915e-05 7.276041e-06 3.203228e-06 1.809908e-05
0.6222642 0.3497913 0.02529915 0.002595003 4.276024e-05 1.367324e-06 1.105056e-06 2.732779e-06 2.26038e-06 1.350941e-07
0.5550529 0.4164824 0.02725036 0.001027127 8.317397e-05 7.524148e-05 2.850437e-05 7.361858e-08 2.009643e-07 9.786463e-09
0.5323606 0.4077166 0.05692335 0.002802399 4.997473e-05 4.93982e-06 0.0001277252 1.43073e-07 8.175795e-06 6.026287e-06
0.6114274 0.3729444 0.01105717 0.001142088 0.0001752449 0.0004180618 0.00156509 0.0005226062 0.0005829695 0.0001649616
0.6603381 0.2961202 0.01995611 0.01615529 0.002390823 2.47106e-06 0.001722813 0.0001961898 0.0001087237 0.003009272
0.4795853 0.4196782 0.07874921 0.01221101 0.008618751 0.001070374 5.53782e-05 4.167863e-06 7.269513e-06 2.035767e-05
0.5444291 0.444288 0.006375245 0.004846514 3.512651e-05 1.595661e-06 2.050862e-05 2.062798e-06 1.208263e-07 1.744702e-06
0.5392962 0.4165768 0.01961596 0.01873901 0.00363562 0.001547964 0.0003491885 5.485554e-05 0.0001161087 6.827474e-05
0.5786681 0.3828014 0.03535618 0.002873897 6.93917e-05 6.610364e-05 5.689786e-05 4.292205e-05 1.116278e-05 5.398454e-05
0.6704054 0.310833 0.01095776 0.001418787 0.003785864 0.001681652 2.676998e-05 4.114977e-05 0.0006998417 0.0001498712
0.4374335 0.4482064 0.09685094 0.01480333 0.001842379 0.0007980948 1.303624e-05 3.865798e-06 1.465575e-05 3.386614e-05
0.4649981 0.5084651 0.02495733 2.826975e-05 0.001203857 0.0001068358 0.000210088 2.350909e-05 7.811772e-07 6.163654e-06
0.548628 0.3860192 0.03987074 0.01389935 0.009699286 0.001754956 3.164853e-05 5.518224e-05 2.760613e-05 1.407915e-05
0.5252188 0.3747393 0.07803501 0.009302879 0.01095232 0.0009842355 0.0005157599 0.0002484934 3.705421e-07 2.834418e-06
0.5399112 0.3826044 0.0680066 0.009223865 0.0001419072 5.666306e-05 1.908292e-05 1.512207e-05 5.570272e-06 1.55975e-05
0.5246358 0.4419861 0.01974562 0.01005551 0.001810193 0.000763785 0.0003020455 0.000123747 0.0004467989 0.0001304308
0.5835257 0.3657413 0.03138672 0.01723439 4.46839e-05 0.001832179 0.0001307188 7.621006e-05 2.411184e-05 4.006926e-06
0.5952997 0.3936755 0.005865901 0.002208528 0.001759532 0.0006092025 0.0003070185 0.000273518 1.790444e-07 9.293328e-07
0.6059051 0.3530757 0.03680316 0.0004253197 0.002612419 0.0005662866 0.0003736627 9.777922e-05 6.847282e-05 7.207158e-05
0.5615727 0.4018501 0.008190611 0.02357504 0.003812051 0.0009488963 2.195132e-06 3.766913e-05 9.484904e-06 1.190161e-06
0.6211541 0.3552718 0.02005261 0.00149315 0.0003426183 0.001629228 4.677032e-05 1.333438e-06 5.881515e-06 2.515156e-06
0.6667707 0.3176039 0.002246047 0.008898246 0.000139324 0.003528508 0.0005582916 1.15289e-05 7.087991e-05 0.0001726235
0.6956293 0.282749 0.007703088 0.003229528 0.001511936 0.007811032 6.981933e-05 0.0005193696 0.0005581334 0.0002187865
0.5655129 0.3798347 0.02177492 0.005249531 0.01031679 0.0157504 0.001192754 0.0001042066 0.0002407953 2.305385e-05
0.7152 0.2692788 0.005635608 0.008846556 0.0002351016 0.0002669688 0.0003064542 0.0001549209 5.399372e-05 2.156232e-05
0.4254613 0.5375214 0.01682643 0.01628096 0.0007503513 0.0001612622 0.002977329 1.580465e-06 1.262111e-05 6.764013e-06
0.4387873 0.4465974 0.04484379 0.03891662 0.003147767 0.006584302 0.002094292 0.01298305 0.005134286 0.0009111637
0.5626939 0.3876738 0.03904438 0.01038888 0.0001507841 1.965191e-05 5.323403e-06 1.294821e-05 6.981152e-06 3.375029e-06
0.5752608 0.3454574 0.0731629 0.002642529 0.003432849 4.324549e-05 1.56666e-07 3.08324e-08 1.848371e-08 3.125119e-09
0.5003929 0.4854586 0.007105861 0.005646137 0.0008927046 0.0004658089 2.302616e-05 9.506181e-06 3.846865e-06 1.558391e-06
0.6000981 0.3880377 0.004632609 0.006165825 0.0008636051 0.0001336238 6.209443e-05 1.115907e-06 3.2139e-06 2.077359e-06
0.5128684 0.4245341 0.0208867 0.03499262 0.005337269 0.001221178 0.0001391646 1.481152e-05 4.186276e-06 1.55196e-06
0.6413526 0.3368874 0.02010787 0.0007070353 0.0008641217 6.325904e-05 2.270346e-07 7.543865e-07 3.788159e-06 1.292639e-05
0.6035848 0.3877948 0.003326695 0.004072202 0.001051579 7.923982e-05 2.980452e-05 5.098864e-05 5.113283e-06 4.811521e-06
0.5699152 0.4234611 0.004386774 0.0003488819 0.0004346569 0.001317272 3.275632e-05 5.341964e-05 1.223023e-05 3.770245e-05
0.5884554 0.377602 0.00608044 0.003317462 0.01101233 0.006153151 0.005116533 0.002082025 2.555848e-05 0.0001550667
0.6058303 0.3891328 0.002740257 0.001599347 0.0006763536 8.869427e-06 1.189169e-06 1.020709e-05 3.456281e-07 3.194277e-07
0.4963047 0.4314542 0.05072842 0.008300189 0.01023669 0.001213632 0.0007586572 7.199469e-05 0.0001589402 0.0007725073
0.6556265 0.2697343 0.04679184 0.01841133 0.005973285 0.001052167 0.001330679 0.0009228285 4.772437e-05 0.0001093752
0.5962994 0.3966865 0.003528736 0.0002412226 0.001923297 0.0001426892 0.0008112301 5.411028e-05 0.0003060731 6.662822e-06
0.4664697 0.4251788 0.05551844 0.003094933 0.001539204 0.04789825 0.0001993246 5.727756e-05 2.342418e-05 2.05613e-05
0.5945838 0.3888091 0.008605677 0.001644998 8.210295e-05 0.004317846 0.0004099856 0.0001387764 0.0004252694 0.0009824023
0.4717536 0.5049077 0.02205291 0.0007452919 3.145403e-05 0.0004095936 2.280458e-05 4.411185e-06 9.033492e-06 6.313197e-05
0.530782 0.4288668 0.02849663 0.00164147 0.003305722 0.006306536 0.000287468 0.0001894498 1.823012e-05 0.0001056088
0.501845 0.4805297 0.01494113 7.072961e-05 0.002428638 0.0001035456 1.416437e-05 5.775619e-05 4.385824e-06 4.983732e-06
0.4927637 0.4388187 0.01993309 0.01497341 0.02971256 0.0005238795 0.001622209 0.001635367 1.043816e-05 6.716409e-06
0.5290828 0.4342707 0.03015928 0.002660605 0.003687016 0.0001394652 1.493485e-07 4.150967e-09 3.948368e-10 6.463857e-10
0.6297156 0.295688 0.02107912 0.04729939 0.002404596 0.003155975 2.415345e-05 4.778181e-05 0.0005754166 9.979789e-06
0.5669654 0.3905572 0.04109899 0.0005016812 0.0008600334 1.715783e-06 1.405857e-05 8.075911e-07 3.70689e-08 2.214868e-08
0.5489894 0.4410461 0.006656901 0.0004533908 0.002514971 0.000224211 9.747873e-07 1.289199e-05 1.807896e-05 8.30508e-05
0.6191086 0.349392 0.007149226 0.01075269 0.005598248 0.0009107177 0.002004116 0.003375954 0.001115152 0.0005933228
0.579867 0.4140557 0.001473034 0.003752233 0.0005131923 0.0002998373 2.228251e-05 1.089771e-05 1.619258e-06 4.236554e-06
0.5766966 0.4057523 0.008407864 0.003466342 0.0008250725 0.002185358 3.140538e-05 0.002508779 9.399112e-05 3.226067e-05
0.5876207 0.3602366 0.008317789 0.00624028 0.002890397 0.03338834 0.001213274 8.843894e-05 1.071011e-06 3.100386e-06
0.5623674 0.4264907 0.008125457 0.002042794 0.0007617999 0.0001057044 7.194064e-05 1.617609e-05 5.681969e-06 1.239309e-05
0.4700916 0.484729 0.03489719 0.009331844 0.0008720249 3.304369e-05 4.001777e-05 4.070488e-06 1.12018e-06 1.705546e-07
0.5715416 0.3714758 0.041397 0.01491641 0.0005237574 4.223029e-05 2.928306e-05 8.96686e-06 2.912899e-05 3.578163e-05
0.5777923 0.3974378 0.02115714 0.001341995 0.0003454102 0.001501955 8.25996e-06 0.0004030135 4.14657e-06 7.943617e-06
0.6328676 0.2893916 0.05741791 0.01912543 0.000755382 0.00022537 7.74363e-05 7.290319e-05 4.610338e-05 2.022827e-05
0.6938587 0.3005315 0.003623904 7.233473e-05 0.0004819296 0.000863051 0.0001997823 0.0001678962 9.739301e-05 0.0001035128
0.6205989 0.3577476 0.01626786 0.001312723 0.001219299 0.0003534938 0.0008160196 0.0006550192 0.0001477567 0.000881312
0.5697946 0.3066904 0.04495966 0.04215347 0.002897732 0.007412356 0.022538 0.0002744636 0.00204564 0.001233682
0.6589178 0.3235807 0.01555307 0.0004542855 0.0003979244 0.0002692995 0.0006197872 0.0001432143 2.621384e-05 3.772439e-05
0.698249 0.2792871 0.01276485 0.00750156 0.001655407 0.0001593047 0.0002482827 7.630785e-05 5.768759e-05 4.776604e-07
0.5893576 0.3579656 0.04624326 0.001964615 0.001014031 0.001512727 0.0005050363 0.001019155 7.060266e-05 0.0003474613
0.4294598 0.5366207 0.03191437 0.001880438 4.561667e-05 3.027695e-05 3.197431e-05 1.03006e-05 1.764092e-06 4.791025e-06
0.5057928 0.3900761 0.09601628 0.001971398 0.001082652 0.004142865 0.0004304349 0.0004772338 6.531508e-06 3.760829e-06
0.5370039 0.4243242 0.03500439 0.002048173 0.001311104 1.745158e-05 0.000238508 1.013468e-05 4.1862e-05 1.969254e-07
0.5651335 0.424107 0.004827886 0.0002646648 0.00437129 0.000942199 2.078317e-05 5.392734e-05 0.0001284642 0.0001503233
0.3818608 0.5215932 0.03373077 0.0342255 0.02733669 0.001111144 3.498455e-05 1.330523e-05 8.060731e-05 1.297906e-05
0.438723 0.4820818 0.05066156 0.01949469 0.006554869 0.001485083 0.0004625668 0.0001054069 0.0001134395 0.0003175586
0.5964068 0.3865159 0.01408714 2.849265e-05 0.002467619 0.0004646184 1.33178e-05 2.500505e-06 5.03393e-06 8.597746e-06
0.549038 0.4101087 0.03805102 0.002659395 0.0001299922 3.586198e-06 7.959322e-06 2.225848e-07 2.965546e-07 8.180731e-07
0.6633361 0.2946406 0.01870853 0.01581065 0.004389104 0.002001463 0.0003913227 0.0003575039 0.0002316015 0.0001331084
0.6764682 0.2977511 0.02232963 0.001992024 0.0007425799 0.0005470917 0.0001567633 7.419282e-06 1.947053e-06 3.321906e-06
0.688135 0.2719073 0.03391306 0.002813191 0.002558243 0.0005128476 0.0001556256 9.746343e-07 3.042978e-06 7.810905e-07
0.6231126 0.3339579 0.03128046 0.004127349 0.006221486 0.0003891617 0.0005899883 0.0001530005 3.255007e-06 0.0001647554
0.5242752 0.4677212 0.006774883 7.203952e-05 8.543511e-05 0.001026626 2.207244e-05 1.812367e-05 2.077819e-06 2.339015e-06
0.6950024 0.2860835 0.003648427 0.001150197 0.01135315 0.002576744 0.000142016 3.628965e-05 4.390092e-06 2.932275e-06
0.5885026 0.393311 0.008116235 0.008985928 0.0002429114 0.0006922482 5.973427e-05 1.257726e-05 6.525294e-05 1.147341e-05
0.6636244 0.3028064 0.003729586 0.00993843 0.015209 0.00112257 0.0013287 0.001853989 0.0003187158 6.82038e-05
0.6613803 0.3242553 0.01402667 3.717065e-05 0.0002282798 3.16045e-05 2.399967e-05 4.081548e-06 7.559949e-06 4.973492e-06
0.6208246 0.3449966 0.03034931 0.003725785 6.070718e-06 2.385083e-05 4.029523e-05 1.204749e-05 6.163574e-06 1.52782e-05
0.5799097 0.3674336 0.04617928 0.001929954 0.0008712089 0.0002065681 0.001541647 0.001006859 0.000364234 0.0005569259
0.5057061 0.4483345 0.03197494 0.01345978 0.0002537871 0.0001502443 7.770208e-05 3.464177e-05 7.949556e-06 3.538532e-07
0.5250128 0.3331628 0.122414 0.01483608 0.001534024 0.002661674 0.0003111564 4.430131e-05 1.969752e-05 3.511484e-06
0.6084244 0.3440088 0.02717099 0.01014176 0.0001225805 0.008353927 0.0008717604 0.0008986609 3.354473e-06 3.830898e-06
0.6146672 0.3759616 0.00654598 0.001505939 6.505323e-05 0.0009943993 0.0002412524 1.002528e-05 9.221031e-07 7.682134e-06
0.6542991 0.2519975 0.06775922 0.02366144 0.001489845 0.0006307084 0.0001581167 1.975169e-06 8.575672e-07 1.295434e-06
0.6660408 0.3040365 0.0128641 0.008384663 0.001151152 0.000118588 0.006521247 0.000290787 9.780228e-05 0.0004943205
0.6227389 0.3659702 0.006497385 0.004528073 9.864688e-05 0.0001435792 2.07629e-05 1.133736e-06 7.865842e-08 1.243921e-06
0.5654055 0.4274294 0.007063723 7.180573e-05 2.801587e-05 6.491226e-07 4.488114e-08 3.903641e-07 3.641638e-07 1.47943e-07
0.7405231 0.2199605 0.0271853 0.005892875 0.002701756 0.003014314 0.0005454289 0.0001526851 1.888598e-05 5.210461e-06
0.415632 0.5596867 0.01197382 0.00799263 0.001706646 0.001516747 0.001027384 8.729281e-05 5.124256e-05 0.0003255453
0.4958295 0.4690633 0.02817419 0.004555908 0.001844969 0.0004829641 2.626322e-05 1.574693e-05 4.885676e-06 2.297958e-06
0.4985602 0.473567 0.0274157 0.0003833942 4.104683e-05 1.176199e-05 7.226393e-06 1.317468e-05 4.499927e-07 5.319516e-08
0.4777422 0.4794028 0.03337768 0.001672539 0.005271101 0.0002861374 0.00123974 4.495592e-05 0.000889204 7.371517e-05
0.475077 0.4808621 0.03352134 0.001175208 0.007431065 0.000148153 0.0006866084 0.0006855156 9.536486e-05 0.0003176318
0.6032569 0.361057 0.01703149 0.01194477 0.0009808941 0.004710018 0.0004566697 0.0001395295 0.0003744521 4.827499e-05
0.5770055 0.3804096 0.01270652 0.01914347 0.001323262 0.002464592 0.00473609 0.0008048234 0.0008735433 0.0005326525
0.4373223 0.3465093 0.1290743 0.04247627 0.01371513 0.009054141 0.01206991 0.005123769 0.003523241 0.001131654
0.4083217 0.5766843 0.01422763 0.0007602138 4.15595e-06 1.775854e-06 1.285089e-07 3.464485e-08 3.623461e-08 9.187585e-09
0.5162879 0.431189 0.00219018 0.02834643 0.007505903 0.01400111 0.0002033589 0.0002686139 3.77958e-06 3.717808e-06
0.7153717 0.2621503 0.01234322 0.000630334 0.007008195 0.001810662 0.000548958 0.0001103478 1.356106e-05 1.271116e-05
0.5587777 0.4265564 0.004223361 0.001306945 0.008505539 0.0002492752 0.0002498696 5.506069e-05 6.448595e-05 1.14279e-05
0.5116706 0.4722979 0.007221803 0.002442722 0.003155114 0.001141319 0.0006114903 9.705441e-06 0.0004760721 0.0009732457
0.6736028 0.2340821 0.08653688 0.005293466 0.0003310279 6.235123e-05 3.578405e-05 3.760535e-05 1.635005e-05 1.61348e-06
0.5704249 0.3379364 0.08699003 0.0007835517 0.0003595506 0.002639369 0.0006645139 0.0001661043 3.876139e-06 3.170383e-05
0.640687 0.3199687 0.01617597 0.005144931 0.01797815 2.3183e-05 2.128441e-05 1.380576e-07 2.305604e-07 3.794348e-07
0.597734 0.3827648 0.01622515 0.002509148 0.0002981287 4.480312e-05 0.0002453418 0.000112937 3.532417e-05 3.041161e-05
0.401436 0.5765855 0.01092021 0.0006379648 0.006067654 0.001325412 0.0001215921 4.022616e-05 0.0001404708 0.00272491
0.6614003 0.3219709 0.01411273 0.000415363 0.001443139 0.0002672381 0.0003436263 1.965609e-06 3.558679e-05 9.173481e-06
0.5665164 0.4105416 0.02085046 0.001418791 0.0006388093 8.88568e-06 5.881845e-06 1.330485e-05 4.096716e-06 1.83169e-06
0.6315245 0.3135349 0.03515543 0.0008597108 0.002308405 0.01382523 0.0009156521 0.001191593 0.0003871425 0.0002974525
0.7026442 0.1989374 0.06857681 0.01787361 0.0009662168 0.006716606 0.003625272 0.0004017363 0.000153523 0.0001045795
0.5868782 0.3783969 0.003031177 0.002754851 0.001424052 0.01686474 0.001775214 0.003641714 0.003891909 0.001341317
0.5240185 0.4372447 0.02919659 0.003198834 0.004107905 0.001594833 0.0002890737 0.0001809725 4.864621e-05 0.0001199636
0.5294778 0.38287 0.08096823 0.002665932 0.0006198823 0.0007690409 0.001592199 0.0001585488 0.0005793606 0.0002989551
0.693141 0.2444011 0.05574867 0.00541437 0.0001283178 0.0008605476 0.0001596746 6.839247e-05 6.836455e-06 7.110898e-05
0.6156425 0.3299072 0.0214007 0.003221211 0.02456868 0.001991848 0.001833703 0.001192232 4.315521e-05 0.0001986848
0.6518718 0.306991 0.03435886 0.001796182 0.0008790038 9.229804e-05 0.0005115836 0.001773784 0.0005533212 0.001172189
0.5623615 0.3921743 0.04239069 0.0005839748 0.00106717 0.0008977267 5.561634e-06 3.154133e-05 0.0003416184 0.0001458999
0.4432491 0.5492483 0.002170204 0.002966255 0.0008723136 0.001201857 0.000276046 3.566341e-07 6.575112e-06 8.9567e-06
0.7342582 0.2263288 0.03653972 0.002020064 0.0002554682 0.0005955879 8.570499e-07 1.185032e-06 9.740414e-09 1.309403e-07
0.4502654 0.4860467 0.04584208 0.007979857 0.008185033 0.0009373533 0.0003730711 0.0001738567 0.0001919246 4.763607e-06
0.4958475 0.3137162 0.1437139 0.02886994 0.00223617 0.00466558 0.009841543 0.001032397 1.315149e-05 6.361966e-05
0.716521 0.2383799 0.01222309 0.01769666 0.008647295 0.006015009 0.0001052328 0.0002652749 0.0001331677 1.328424e-05
0.514966 0.4078017 0.07599059 0.001001224 0.0001173845 9.153038e-06 9.686321e-05 2.334e-06 1.445715e-06 1.323711e-05
0.6939325 0.2816848 0.02192344 0.0009864765 0.001310058 0.0001185619 1.751657e-05 2.047435e-05 2.030357e-06 4.092299e-06
0.5324575 0.3910173 0.01673529 0.01831115 0.00377533 0.02027336 0.01669917 0.0006156778 1.395961e-05 0.0001012524
0.6094637 0.3415732 0.04496374 0.0002567105 0.003023281 0.0006663469 1.786746e-05 1.227849e-05 1.706827e-05 5.800361e-06
0.6390499 0.3114283 0.03764272 0.0003980792 0.00710549 0.001274187 0.00172215 0.0007236865 0.0001906822 0.000464825
0.6346826 0.344967 0.01167508 0.005959581 0.001837198 6.509449e-05 0.0003269665 0.0004714782 1.154923e-05 3.451635e-06
0.6882995 0.2679543 0.02291462 0.006838647 0.007200936 0.003347908 0.00105253 0.0003643078 0.001152213 0.0008750092
0.6599038 0.3146039 0.02343224 0.0009083152 0.000642692 1.707311e-05 0.0002429774 0.0001018412 8.211299e-05 6.501394e-05
0.583834 0.3818005 0.003950255 0.01880273 0.001984799 0.003311065 0.002366118 0.001084546 8.503976e-05 0.002780995
0.5183718 0.4480927 0.02569372 0.005215078 0.001855468 0.0002774533 0.0001271029 0.0002528701 6.369743e-06 0.0001073905
0.462759 0.5100571 0.0254935 0.0006295123 0.0006048025 0.0003996617 2.217038e-05 7.640209e-06 2.624514e-05 4.003566e-07
0.6060724 0.3544211 0.01268196 0.0223594 0.004267407 6.197792e-05 5.115444e-07 3.660766e-05 6.230616e-05 3.6331e-05
0.5466099 0.3623751 0.01407237 0.05692971 0.01303093 0.004279211 0.001129037 0.001259326 0.0001042308 0.0002102341
0.5373946 0.4014025 0.01999102 0.03825155 0.002016935 9.632002e-05 4.786112e-05 0.0006774522 1.4321e-05 0.0001074213
0.489128 0.4468518 0.04042464 0.004123012 0.003945982 0.007715397 0.005590596 0.0008378139 0.001120268 0.0002625417
0.5169439 0.444082 0.01918953 0.013859 0.003228636 0.0007649818 0.0001551725 0.0003707695 0.0004708133 0.000935212
0.5714008 0.4086824 0.015432 0.003423422 0.0001079265 0.0001505433 0.0006701779 3.588025e-05 8.285656e-05 1.402669e-05
0.4613975 0.4933236 0.01545509 0.01487533 0.01401699 0.0001972195 0.0004313722 0.0001275446 7.425795e-05 0.0001010934
0.4349145 0.50156 0.0521062 0.01116665 0.000156263 2.366663e-05 2.217233e-06 4.60013e-05 2.278966e-05 1.70779e-06
0.5398413 0.4567809 0.002283585 0.001091797 2.26854e-06 6.825548e-08 1.21339e-07 5.974256e-09 3.477333e-10 1.961701e-10
0.5245755 0.4229245 0.04012833 0.001949531 0.008732185 0.0009460297 6.056201e-05 0.0006555427 2.231081e-05 5.554245e-06
0.4945405 0.4754189 0.001841068 0.02189667 0.005558571 0.0001085737 0.0005052508 3.784571e-05 2.009752e-05 7.25042e-05
0.6132996 0.3408742 0.04086055 2.455694e-05 0.002904196 0.001681755 7.245162e-05 0.0001403865 0.0001268653 1.539761e-05
0.6025692 0.3519698 0.0324747 0.00196507 0.001453328 0.001483616 0.001216929 0.005921133 0.0002733546 0.0006728313
0.508889 0.4664041 0.02454257 3.01204e-05 4.338118e-05 7.878382e-05 9.226845e-06 2.21219e-06 1.842093e-07 3.859368e-07
0.4389425 0.5121878 0.04855667 9.348487e-05 0.0001197738 7.845018e-06 2.778138e-06 5.160884e-05 9.976401e-07 3.657415e-05
0.5795804 0.3480963 0.03277234 0.03489405 0.004476284 0.0001232074 1.186742e-05 4.004779e-05 4.68164e-06 9.13773e-07
0.4753787 0.467707 0.008137092 0.0323743 0.001258701 0.001956548 0.00995276 0.001180496 0.001220806 0.0008336173
0.6068635 0.3611706 0.01640085 0.01181577 0.003433191 0.0001216916 0.0001941931 1.366077e-07 2.930325e-08 5.021597e-10
0.6342498 0.3188539 0.02553436 0.01825363 0.002289264 9.102079e-05 0.0001302709 0.0001794152 0.0001760311 0.0002423632
0.5467761 0.4259834 0.02681753 3.930852e-05 0.0003720912 8.228712e-06 3.237427e-06 9.219278e-08 8.953496e-09 3.410018e-08
0.3877274 0.5925625 0.004038788 0.0147437 3.423636e-05 0.0004174178 0.0002961454 0.0001340465 2.799171e-05 1.77757e-05
