0.3751986 0.1211314 0.2778444 0.1804694 0.0163393 0.02801976 0.0001862228 0.0003478865 0.0002269893 0.0002360752
0.4153843 0.01084947 0.5330445 0.02883107 0.002094362 0.006229478 0.002611669 0.0006237079 3.938968e-05 0.000292025
0.3011154 0.002135609 0.6733254 0.01153832 0.005365409 0.0005285173 0.001894558 0.002473989 6.198754e-05 0.001560757
0.500042 0.01409204 0.4274287 0.01082853 0.008289475 0.001116576 0.02578433 0.00913392 0.003208029 7.645028e-05
0.6936392 0.001681275 0.2833248 0.003470899 0.0031721 0.0003140464 0.01393342 0.0002138926 0.0001876745 6.266144e-05
0.4249418 0.01773652 0.551452 0.0008755344 0.001078929 0.0007978532 0.002648794 0.0003660896 3.750382e-05 6.493345e-05
0.5374093 0.02873168 0.407893 0.007713276 0.002608787 0.001026762 0.006092518 0.003718829 0.001252649 0.003553195
0.4875115 0.02811996 0.4158479 0.008984537 0.03852561 0.009987454 0.008412974 0.002082303 0.0001177718 0.0004099883
0.5137987 0.05670904 0.4098246 0.0127741 7.070556e-05 0.00257665 0.00373033 0.0003730513 0.0001373102 5.480108e-06
0.4964879 0.04653689 0.399766 0.03307984 0.006910232 0.007299988 0.007890702 0.002010967 4.897015e-06 1.265494e-05
0.3915686 0.02191488 0.5667131 0.01174279 0.001067847 0.002290151 0.001984859 0.001919573 0.0002867366 0.0005113851
0.3781368 0.004784661 0.5819938 0.02195761 0.002041707 0.005654368 0.004148084 0.0008977652 0.0002199018 0.0001653598
0.4008402 0.018869 0.5009638 0.04766523 0.01882614 0.00538823 0.004111162 0.002899174 0.0001036066 0.0003334393
0.4204911 0.03015257 0.4944407 0.01709549 0.008005952 0.00733233 0.02135411 1.42682e-05 0.0006575185 0.0004560153
0.4662044 0.04449142 0.4550572 0.006574488 0.01626269 0.009092212 0.001904941 7.314459e-05 0.0002833107 5.625923e-05
0.3022163 0.1324966 0.5307113 0.03232247 0.001705926 0.0003867735 1.125819e-05 1.683907e-05 1.510152e-06 0.000130983
0.3148048 0.1180927 0.5060817 0.01889013 0.00834331 0.005969921 0.02761181 0.0001791889 1.334455e-06 2.511133e-05
0.3789504 0.021536 0.5256113 0.02862564 0.01677901 0.009514343 0.01413575 0.00293319 0.0004289378 0.001485431
0.4270513 0.04904471 0.5139805 0.007383173 0.0002723724 0.0006492424 0.001429074 3.320664e-05 0.000140467 1.586634e-05
0.2761112 0.004229706 0.6973012 0.01566999 0.003730125 0.001699884 0.000645541 0.0001117761 0.0002090556 0.0002914796
0.5472403 0.02665565 0.3961823 0.01648528 0.01199482 0.0003919782 0.0001624932 0.0004145033 0.0001787677 0.0002938497
0.4687194 0.05956701 0.3571157 0.0912674 0.0008736868 0.01211711 0.0002174908 0.008285084 0.000163889 0.001673202
0.3333619 0.04455186 0.603025 0.007458348 0.009318548 8.290556e-05 0.001516133 0.0002102821 0.0001951018 0.0002799928
0.4062612 0.04387086 0.4774193 0.06906139 0.001466367 0.0005448404 0.001230844 0.0001351089 4.66311e-08 1.010955e-05
0.4718005 0.01324637 0.5007093 0.009929156 0.004020814 0.0002520259 2.673041e-05 8.895926e-06 1.290632e-06 4.929093e-06
0.3550189 0.03315399 0.5908457 0.007539989 0.007627329 0.005533883 0.0001026729 0.0001272455 1.354536e-05 3.668484e-05
0.28948 0.01802243 0.6131112 0.02547447 0.04452724 0.005846612 0.001365663 0.001974188 9.547774e-05 0.0001026532
0.4911542 0.06238216 0.4096321 0.02161616 0.01158956 0.001246963 0.001357146 0.001005158 6.821354e-07 1.592031e-05
0.4435869 0.004948576 0.5004832 0.01027552 0.004733972 0.005419216 0.01924367 0.005301551 0.0001825428 0.005824924
0.3683668 0.002491934 0.5089792 0.06819664 0.04989277 0.0004669259 0.001197872 0.0003526634 1.20938e-05 4.317087e-05
0.4273404 0.02696117 0.5282752 0.006975401 0.007713424 0.001419441 0.000933234 0.0003575733 1.586311e-05 8.308674e-06
0.5396024 0.001274442 0.4421766 0.01379541 0.0006817909 0.001616523 6.25368e-05 0.0002549914 0.000525619 9.693741e-06
0.3932022 0.03069725 0.5381027 0.0354945 0.0005616042 0.0006137358 0.001088438 9.601629e-05 0.0001091724 3.432582e-05
0.4523852 0.01730867 0.4609405 0.0433328 0.01613955 0.008893965 0.0009477466 1.378131e-05 2.192832e-06 3.552118e-05
0.4527552 0.04162291 0.3675813 0.08751647 0.03562366 0.006761465 0.003519328 0.003487138 0.001039733 9.27684e-05
0.4865878 0.002416581 0.4818537 0.004129862 0.006928768 0.01162911 0.002546164 0.00114912 0.001988949 0.0007699487
0.4419465 0.02188208 0.4964626 0.03511964 0.002579441 0.001830244 4.640138e-05 7.594712e-06 2.705647e-06 0.0001227003
0.5659602 0.04198963 0.3894698 0.001945963 0.0004096943 7.854133e-05 0.0001303713 1.303304e-05 1.875981e-07 2.511431e-06
0.3218622 0.025953 0.6330088 0.007745115 0.001092608 0.003729087 0.001570018 0.002409609 0.001629994 0.0009995617
0.5056372 0.04060866 0.443783 0.005232412 0.002743635 0.001194464 5.675621e-06 2.753113e-05 0.0001740621 0.0005933479
0.4202787 0.03783666 0.5349358 0.003914677 0.001500579 0.0006093239 0.0006618997 0.0002579905 3.602776e-06 7.188926e-07
0.2872075 0.1000721 0.5730838 0.01179154 0.02078859 0.003108161 0.000403661 0.002171419 0.00102232 0.0003508977
0.4285566 0.02238888 0.4834272 0.01209603 0.04873423 0.004406053 0.0002227049 0.0001639619 3.075722e-06 1.294548e-06
0.4941573 0.05104011 0.4255692 0.02240738 0.003222474 0.0008978574 0.0002397848 0.0001994399 0.001632974 0.0006335164
0.6025482 0.01586488 0.3409346 0.004276722 0.03329227 0.0007427761 0.001004575 0.0007387674 0.0002640324 0.0003332515
0.4422127 0.08863323 0.4622296 0.003422672 0.002617719 0.0005732678 2.288035e-05 0.0001715314 6.923258e-05 4.709706e-05
0.3511349 0.05770782 0.5870085 0.002965675 0.0002180705 6.880233e-05 0.0006650652 7.853602e-05 9.114908e-05 6.156289e-05
0.2943577 0.07615195 0.6215456 0.0009364449 0.001952185 0.004057016 0.0009967386 8.259589e-07 9.990291e-07 5.710008e-07
0.394653 0.04443215 0.488117 0.02729482 0.02923943 0.003730204 0.01116138 0.0004431188 0.0008568315 7.212647e-05
0.3090792 0.01890448 0.6639346 0.001269987 0.001756304 0.001233007 0.002013926 0.0007167218 0.0008210248 0.000270748
0.5673908 0.01692672 0.4132323 0.001002404 0.000644955 3.520572e-05 0.0004149658 0.0001577826 0.0001483165 4.658446e-05
0.3966656 0.03176796 0.5398973 0.00384158 0.005835781 0.003602027 0.004881107 0.001629607 0.01181102 6.809162e-05
0.3927728 0.07045301 0.495928 0.01429369 0.02586875 0.000177489 0.0002450342 0.0001469447 5.683624e-05 5.74032e-05
0.4321521 0.02222301 0.5285288 0.004112887 0.01015722 7.941009e-05 0.001367782 0.000396426 0.0002930603 0.0006892335
0.5310956 0.007835324 0.423203 0.02955054 0.005177094 0.003064688 7.928721e-06 6.277807e-05 3.03825e-06 1.971852e-08
0.4257259 0.04747959 0.492848 0.01128491 0.02073497 0.001466685 0.0003268029 7.07772e-05 5.508692e-05 7.272957e-06
0.4346867 0.00166618 0.5495762 0.01003569 0.002002076 0.001049307 0.0005864464 0.0002150122 0.0001664521 1.594962e-05
0.4951732 0.08509918 0.41216 0.005064356 0.001673738 0.0002018637 0.000115174 0.0003427439 0.000128554 4.122406e-05
0.3412791 0.02601567 0.6184627 0.003071907 0.002006699 0.004953509 0.0006379225 0.003235585 0.0001558126 0.000181079
0.3775794 0.02281629 0.5734293 0.0007503362 0.01299918 0.004628884 0.007397824 0.0002352598 4.545571e-05 0.0001181267
0.5721724 0.05139057 0.347616 0.0009705971 0.02369165 0.004012169 7.421814e-05 5.762018e-06 3.165058e-05 3.493639e-05
0.3534693 0.03081626 0.614728 0.0003952121 0.0005487409 2.481043e-05 7.006644e-06 3.416632e-06 3.146776e-06 4.063704e-06
0.424035 0.06577701 0.5080586 0.0002692533 0.0012127 0.0005781954 2.315072e-05 3.889729e-05 2.14709e-06 5.015486e-06
0.3765892 0.07557205 0.5290676 0.01016996 0.007759936 0.0005391803 0.0001565675 0.0001180413 3.307105e-06 2.422208e-05
0.4822273 0.02603649 0.474601 0.01011392 0.003541599 0.0004062812 0.0007593177 0.0006768121 0.0006535752 0.0009837318
0.4970441 0.01376492 0.4586665 0.02407519 0.0008641175 0.004541866 2.801987e-05 0.0006984622 0.0002268583 8.998944e-05
0.4273895 0.002635117 0.5406579 0.0079078 0.01664254 0.003119557 0.001177277 5.009432e-06 0.0004205169 4.472503e-05
0.5584952 0.100505 0.3336823 0.003590153 0.0028093 2.247037e-05 0.0006750576 0.0001351463 5.62641e-05 2.908206e-05
0.3295185 0.1034601 0.5629795 0.001691852 0.0008383094 0.0001778247 0.0005061714 0.0004686768 0.0001766631 0.0001823814
0.3395264 0.1183769 0.5141404 0.02745941 0.0002159917 0.000163228 1.988539e-05 5.89663e-05 2.07856e-05 1.805065e-05
0.5071154 0.02632094 0.4625457 0.00172258 0.000381669 0.0007697713 0.0005029606 0.000404138 9.325308e-05 0.0001436196
0.3248757 0.06076977 0.5973419 0.009517649 0.000501827 0.003516979 0.0004485166 0.0008476951 0.000592856 0.001587139
0.3299167 0.03503763 0.5910313 0.03678974 0.004301035 0.001055425 0.001501809 3.809083e-05 0.0002073166 0.0001209535
0.4342661 0.0445577 0.4914518 0.0007705441 0.01173938 0.01481066 0.001982915 0.000249137 7.649426e-05 9.532006e-05
0.6511924 0.02071102 0.3279603 0.0001049128 1.463122e-05 7.536314e-06 5.117165e-06 3.641789e-06 2.05404e-07 2.200267e-07
0.6736727 0.01879741 0.29019 0.0008936591 0.00500551 0.009627729 0.0007131224 0.000220606 0.0003509973 0.0005282094
0.392017 0.1323705 0.4666198 0.0005281596 0.003197865 0.004429731 0.0001439925 0.0003615499 0.0001119361 0.0002193994
0.3630697 0.01032067 0.608392 0.007378103 0.005022542 0.003899252 0.001280773 0.0006227543 9.684634e-06 4.607311e-06
0.4325195 0.07537589 0.4919003 0.0001932241 8.536298e-06 9.989728e-07 1.183537e-06 3.044014e-08 1.613824e-07 2.342356e-07
0.6045753 0.03158942 0.3595884 0.0006689918 0.001726777 0.0002230994 0.001295296 0.0002495073 7.05954e-05 1.268381e-05
0.4906647 0.02883224 0.4726557 0.00503206 0.0003735108 0.001817275 0.0001340972 0.0003081669 0.0001074244 7.475859e-05
0.3698261 0.09894514 0.4900664 0.006067992 0.02290266 0.00651838 0.0006303958 0.003990754 0.0003995269 0.000652637
0.5139717 0.04040316 0.40842 0.03013261 0.004839123 0.0007912128 0.0009953327 8.018061e-05 0.0001196748 0.0002469984
0.4007503 0.08159259 0.5063977 0.007709764 0.002528163 0.0001547621 0.000750728 6.875416e-05 1.081913e-05 3.640159e-05
0.4277008 0.04376916 0.5256979 0.001906229 0.0003874372 0.00053158 6.05948e-06 6.390463e-07 5.265204e-08 1.30783e-07
0.4297285 0.04915516 0.5088812 0.002416344 0.0004545701 0.004037542 0.0002552426 0.004181074 0.0008230077 6.736095e-05
0.5083766 0.06583773 0.4251405 0.0005776346 4.32441e-05 6.681992e-06 1.621536e-05 2.390479e-07 1.126819e-06 4.883651e-08
0.3705793 0.04756198 0.5484975 0.008483293 0.006109685 0.01863108 5.468015e-05 3.624158e-05 1.123971e-05 3.497877e-05
0.4180892 0.03032597 0.4860782 0.06325656 0.001497487 0.0001270428 0.0005492049 5.526251e-05 2.539983e-06 1.850448e-05
0.3822397 0.06231595 0.5429285 0.004380707 0.001676409 0.005924886 0.0002506602 4.559679e-05 0.0002028477 3.475437e-05
0.2564263 0.03120979 0.6546025 0.02820898 0.005797941 0.01924401 0.0004952111 0.001569106 0.0002328302 0.002213302
0.4913356 0.004917316 0.482293 0.01695228 0.002453486 0.0003656672 0.0005888076 0.0004398874 4.218181e-05 0.000611737
0.5191459 0.02283156 0.4312744 0.01871789 0.003199668 0.001706286 0.0005154663 1.317737e-05 0.001386469 0.001209191
0.4180962 0.01556005 0.5478977 0.01756559 0.0001189295 0.0003651212 3.7167e-05 0.0003260136 1.285919e-05 2.034204e-05
0.6183998 0.0044388 0.3660249 0.001123078 0.007504407 0.001947469 0.000331639 5.946437e-05 3.436304e-05 0.0001360442
0.5468006 0.01522522 0.4292461 0.006386743 0.001606693 3.035075e-05 0.0003752129 0.0001583483 9.234129e-05 7.843965e-05
0.4223877 0.0557096 0.4628362 0.0326134 0.0154975 0.002185033 0.005254837 0.00192687 0.0006761075 0.0009128504
0.2601405 0.01114849 0.6299483 0.07317369 0.002091223 0.0009636892 0.01108651 0.008020667 0.0002318602 0.003195069
0.2798887 0.04994243 0.6528178 0.00715057 0.001829985 0.003646294 0.0007526537 0.001262777 0.002653148 5.558116e-05
0.5715227 0.000222846 0.4067527 0.01758228 0.0008075598 0.002728526 0.0003052455 2.587102e-05 1.115632e-05 4.110163e-05
0.4261438 0.1143471 0.4557812 0.002002501 0.001039508 0.000251597 0.0003788158 2.707212e-05 2.607084e-05 2.314502e-06
0.5343318 0.4210626 0.03017893 0.01029207 0.0007677077 0.001859892 0.001474683 2.533883e-06 2.960077e-05 2.187487e-07
0.5300918 0.4527062 0.006260206 0.01025336 0.0006382078 1.248952e-05 1.498896e-05 6.874555e-06 5.987449e-06 9.924734e-06
0.7052829 0.2487151 0.02434426 0.01894136 0.001261525 0.001298912 4.402624e-05 1.608201e-05 8.814114e-05 7.731475e-06
0.374982 0.5772306 0.02770142 0.004435255 0.01328193 0.002154848 5.839319e-05 5.84819e-05 9.079498e-05 6.264788e-06
0.5701383 0.4193267 0.00642412 0.00108692 0.0003533323 0.0002669507 0.001038573 0.0008399082 6.623554e-05 0.0004589898
0.4529472 0.53405 0.008262038 0.003207772 0.001455766 7.296256e-05 4.048223e-07 9.51183e-07 8.497314e-08 2.811425e-06
0.4759374 0.5138503 0.007576533 0.00227763 0.0002667369 2.318734e-05 2.637087e-05 1.612703e-05 1.46365e-05 1.107669e-05
0.5458292 0.3907504 0.04355539 0.005438513 0.004622764 0.003522717 0.004809117 0.0006599056 3.72314e-05 0.000774789
0.590934 0.3449821 0.05778221 0.002614456 0.002041995 0.0002002272 0.0009878574 0.0001970688 0.000118833 0.0001412938
0.5953297 0.3752836 0.008603673 0.01662726 0.00117539 6.56564e-05 0.002766267 0.0001304334 1.793664e-05 5.353172e-08
0.6167055 0.3687226 0.01281694 0.0009897592 0.0007060188 9.491314e-06 2.600643e-05 4.744491e-06 7.254828e-07 1.822743e-05
0.5365387 0.4029837 0.04111636 0.0002864051 0.0150396 0.002432048 0.001513004 6.83672e-05 2.135168e-05 5.153703e-07
0.476319 0.4057385 0.07368511 0.03524837 0.007857192 0.001014634 0.0001196681 5.858612e-06 3.778297e-06 7.889519e-06
0.593711 0.3859994 0.01609347 0.002595098 0.0009283767 0.0003719043 2.744708e-05 0.0001741253 5.100639e-05 4.810974e-05
0.536726 0.3787387 0.08353863 0.0003869673 0.0001990652 3.206794e-05 7.872996e-05 0.0002507449 2.876498e-05 2.024788e-05
0.4990519 0.4704612 0.0275511 0.002008938 0.0001208539 0.0004022765 0.0003541591 9.800389e-06 3.902627e-05 7.967386e-07
0.5541575 0.4394387 0.004700049 0.0008483789 0.0006470699 4.603877e-06 0.0001414652 5.599071e-05 1.557142e-06 4.751889e-06
0.5924483 0.4065921 0.0004735059 0.0003770029 6.254062e-06 1.020018e-05 7.867263e-05 9.663853e-06 2.661396e-06 1.600376e-06
0.5017901 0.4723718 0.02227297 0.0001512254 0.0003812605 0.001487013 0.0009866891 5.889134e-06 0.0004071697 0.0001459077
0.5845994 0.3985742 0.01061761 0.006207289 9.004285e-07 1.691902e-07 3.318156e-07 3.365449e-08 9.34457e-08 7.607099e-09
0.5239087 0.3781756 0.09735123 5.227238e-05 3.3218e-05 6.147202e-05 0.0003458156 6.02114e-06 4.16047e-05 2.405528e-05
0.6056296 0.3791988 0.002775889 0.01000439 8.816121e-05 0.0008818885 0.001058739 0.0002885385 3.330592e-05 4.065317e-05
0.3872492 0.5988854 0.008010062 0.003006823 0.002358544 6.271636e-05 0.0003996035 1.403712e-05 1.060076e-05 3.021464e-06
0.5576377 0.3962123 0.02400225 0.01386646 0.003178404 0.00121936 0.003826077 4.84721e-05 1.395335e-06 7.608357e-06
0.7149409 0.2500925 0.02449673 0.009801084 0.0002262441 0.0001374352 7.440471e-05 0.0001033273 6.218011e-05 6.523616e-05
0.5185125 0.4599523 0.01852543 0.00279252 1.262857e-05 4.880704e-05 7.417891e-06 8.367096e-05 3.114123e-06 6.165669e-05
0.4091973 0.5853158 0.001675238 0.00282396 0.0002647635 0.0006147293 3.919569e-06 8.324443e-05 7.451398e-06 1.361024e-05
0.6014131 0.3617996 0.01850012 0.0115195 0.006511333 0.0001082425 9.918231e-05 2.687782e-05 2.042016e-05 1.596902e-06
0.5259985 0.4093587 0.05993609 0.003865729 0.000568891 1.749309e-05 0.0001959767 5.171228e-05 8.228823e-07 6.102462e-06
0.4918783 0.3834812 0.1129286 0.003003265 0.008231765 0.0001065978 0.0002180564 1.384655e-05 3.011069e-05 0.0001082377
0.4978526 0.4367827 0.05308242 0.009046348 0.001487401 0.001235448 0.0001976345 0.0002134415 4.046401e-05 6.148942e-05
0.5905021 0.3945854 0.009045776 0.003776479 0.000227221 0.0004957144 0.0001199353 0.001152229 2.405837e-05 7.111879e-05
0.5259772 0.4426357 0.02512727 0.00480351 0.0006765778 0.0002737261 0.000395071 2.253833e-05 1.168497e-05 7.668145e-05
0.5498317 0.4237299 0.02587478 0.0002726868 2.15791e-05 7.089047e-05 8.388193e-05 5.783593e-05 2.085169e-05 3.58899e-05
0.6124959 0.362802 0.02151607 0.001150064 0.000732804 0.001190536 7.509983e-05 2.252041e-07 2.860044e-05 8.692721e-06
0.4255096 0.5553432 0.0155589 0.001810053 0.001211259 2.632205e-05 0.0003826414 4.51421e-05 0.0001044696 8.363173e-06
0.5754378 0.4195099 0.00178894 0.0001706424 0.001120268 0.001413004 0.0002977573 0.0001343559 6.652565e-05 6.079374e-05
0.454352 0.5071529 0.01553967 0.00748123 0.004901577 0.007794391 0.002142091 0.0005824941 5.175022e-05 1.850068e-06
0.5663348 0.3698653 0.06141934 0.002293585 9.293857e-06 7.134863e-05 4.519434e-06 3.818662e-08 9.167619e-07 9.007234e-07
0.5883431 0.3172477 0.04599721 0.04563652 0.001329785 0.0009648843 3.551853e-05 0.0003486409 4.850252e-05 4.812236e-05
0.5185157 0.4593476 0.02094204 0.0006069634 0.000172721 0.0002016209 6.392245e-06 8.012488e-05 4.269988e-05 8.411125e-05
0.5523874 0.4452399 0.0009694455 0.0009610684 7.237578e-05 0.0001264384 0.0002055687 4.276912e-06 2.200571e-05 1.155842e-05
0.5484082 0.2984598 0.1012093 0.006056973 0.0312784 0.006065946 0.004820103 0.002451226 0.0002270381 0.001023029
0.5554278 0.4275358 0.009488007 0.002864874 0.001778546 0.002389645 8.703268e-05 0.0001719691 0.0002460469 1.031818e-05
0.5065097 0.4170518 0.02102466 0.05091841 0.002346588 0.002125105 1.120773e-05 1.121485e-05 9.134878e-07 4.50052e-07
0.4684368 0.4329234 0.0933655 0.003396558 0.0004233869 0.001376967 7.67807e-05 1.86377e-07 8.078876e-08 2.734481e-07
0.5485924 0.4004248 0.007551949 0.02845346 0.007172218 0.001380644 0.003900178 0.001270284 0.0009497976 0.0003043088
0.6449493 0.3255703 0.004171413 0.01535142 0.008198691 0.0002829895 5.465919e-05 0.001395444 9.160244e-08 2.573993e-05
0.6115276 0.3637313 0.01404096 0.006017012 0.001087242 0.001685726 0.001361461 0.0004573228 2.278301e-05 6.858409e-05
0.5110501 0.4321184 0.03751356 0.01601393 0.00165116 0.0002683006 0.0006693342 0.0006895441 8.439101e-06 1.720908e-05
0.4015636 0.4231829 0.1469749 0.02438538 0.003486905 0.0002778193 9.939012e-05 1.754202e-05 1.683353e-06 9.963061e-06
0.5556583 0.4391191 0.003987034 0.0009564233 0.0002572154 1.781579e-05 1.386858e-06 2.318789e-06 7.832278e-08 3.74446e-07
0.6493425 0.3164517 0.0178066 0.004564682 0.004731945 0.005756709 0.0009883381 0.0003169046 1.585101e-05 2.472113e-05
0.4675181 0.4454848 0.07427118 0.007667185 0.001128955 0.003292992 0.0002686516 8.063125e-05 0.0002825088 4.924923e-06
0.4462787 0.5469597 0.004984047 0.001470481 2.301267e-05 0.0001342391 9.76536e-05 4.029513e-05 9.541151e-06 2.353237e-06
0.5003668 0.4710926 0.0142667 0.008452481 0.0002273649 0.004679216 1.368842e-07 0.0001666298 0.0001278261 0.000620215
0.571666 0.4010272 0.02005118 0.001433496 0.00120267 0.0001721545 0.003150401 0.0009127994 0.0003223883 6.166133e-05
0.5236783 0.4180886 0.04435361 0.003908324 0.006072641 0.003542037 0.0001418843 0.0001699538 2.571449e-05 1.896654e-05
0.4772907 0.4450131 0.04273428 0.0008526769 0.008133365 0.02256506 0.002745619 0.0004447464 5.577186e-05 0.0001646027
0.4556747 0.5341862 0.008313574 0.001768393 3.29672e-05 6.357037e-06 2.702568e-06 3.042069e-06 3.094049e-06 8.951786e-06
0.6299723 0.3248712 0.02526219 0.0001641227 0.002995978 0.007772271 0.008573703 0.0001043742 0.000261275 2.265449e-05
0.6025225 0.3424859 0.02920006 0.0001480392 0.00189192 0.0138771 0.005559008 6.124754e-05 0.002832493 0.001421707
0.5898944 0.3595962 0.004413073 0.01954642 0.01244033 0.01333173 0.0006207394 6.559595e-05 6.645027e-06 8.481834e-05
0.4924859 0.4906637 0.008218501 0.007385246 0.00102438 9.737967e-05 0.0001156129 3.542273e-06 1.498318e-06 4.231704e-06
0.4008778 0.458748 0.08738814 0.04786253 0.001537113 0.0003357172 0.002708783 0.0001701366 0.0003657077 6.119053e-06
0.494935 0.489904 0.009517953 0.0015552 0.001390627 0.002330387 0.0001185303 9.093312e-05 0.0001126861 4.470345e-05
0.5402397 0.4002529 0.03882745 0.0200343 0.0004137162 0.0001833622 1.11596e-05 2.585667e-05 8.767881e-07 1.065574e-05
0.5200342 0.3923536 0.07087213 0.006863108 0.003694646 0.001224232 0.003740414 0.001150374 9.591489e-07 6.635092e-05
0.5226512 0.454943 0.01081389 3.122484e-05 0.005141236 0.002013036 0.002780975 0.001082712 0.0002349036 0.0003078697
0.5665968 0.3425738 0.05556848 0.006230212 0.01510856 0.001997166 0.007999924 0.000109218 4.798438e-05 0.00376784
0.6251823 0.3226175 0.02527201 0.02207001 4.905265e-05 0.00368647 0.0004957019 0.0002434841 3.233372e-05 0.0003512103
0.3459527 0.5688796 0.08005174 0.003863003 0.000555407 8.717275e-05 0.0004460196 9.086165e-05 5.773698e-05 1.573769e-05
0.6031841 0.3776094 0.01185094 0.006412071 0.0007961277 4.4626e-05 6.329956e-05 3.765316e-05 7.228331e-07 1.026623e-06
0.5461244 0.4272243 0.01780194 0.002269902 0.003711673 0.002147218 0.0006264999 4.401624e-06 9.039324e-06 8.064951e-05
0.5638314 0.3758732 0.0387412 0.0003190447 0.009933053 0.0006588329 0.0046286 0.002478991 0.000597794 0.002937883
0.4672382 0.4613802 0.05359744 0.01718869 0.0001262358 0.0001170794 0.0002684743 5.629083e-05 2.215709e-05 5.217348e-06
0.6466559 0.3240958 0.02794785 0.0009203442 3.99455e-05 5.399515e-05 0.0002485269 1.765881e-05 9.880361e-06 1.008759e-05
0.4659101 0.4078874 0.06108743 0.02476386 0.01283708 0.01342332 0.004646365 0.007623362 0.0008408923 0.0009802392
0.6497999 0.3249404 0.01763789 0.005800207 0.001307248 0.0003791772 3.645345e-05 4.855729e-05 3.220865e-05 1.796959e-05
0.589767 0.3713969 0.01909439 0.008025227 0.01020866 0.00143805 2.83161e-05 1.16038e-05 1.023691e-05 1.96109e-05
0.5603136 0.4065694 0.03047465 0.0009979842 0.000910391 0.00053319 0.0001899128 3.260953e-06 5.326634e-06 2.323308e-06
0.5141169 0.4430464 0.03650501 0.002620584 0.002098701 0.001167881 0.0004135046 2.530142e-05 9.612366e-07 4.736168e-06
0.5321823 0.4424795 0.006933594 0.007263374 0.005078701 0.004290317 0.001247168 0.000507677 1.718073e-05 2.560058e-07
0.7121792 0.2298352 0.02364914 0.03079946 2.248978e-05 0.001145503 0.002341736 2.589091e-05 9.611286e-08 1.261616e-06
0.480934 0.4298985 0.08691851 0.0002335913 0.0002850261 0.001033518 0.000364482 0.0002978226 3.416833e-05 3.974879e-07
0.4654388 0.4848508 0.04965887 3.933045e-05 1.037509e-05 1.50501e-06 2.088742e-07 5.731241e-08 1.924685e-08 9.551189e-09
0.4539863 0.4938434 0.04786032 0.00406379 4.766112e-05 0.0001274912 6.913665e-05 1.87569e-06 1.241269e-09 7.137197e-09
0.5802819 0.4022093 0.01556708 0.0002061437 0.001027837 0.0004947424 4.458581e-05 0.0001417354 1.20232e-06 2.546004e-05
0.5485957 0.3978444 0.01307323 0.01533956 0.02320173 0.0017184 0.0001453356 6.535727e-05 7.071083e-07 1.56127e-05
0.5128504 0.4736124 0.009638845 0.002307808 0.0005567733 0.0005264562 0.0002909309 0.000185271 1.026489e-05 2.08243e-05
0.5344674 0.3835088 0.02897778 0.04361583 0.001827459 0.001837371 0.005191834 0.0005568921 1.329113e-05 3.368503e-06
0.5297071 0.4424737 0.01889801 0.002567089 0.004769258 0.001227823 0.0002654812 5.454047e-05 2.506509e-05 1.198858e-05
0.5490221 0.4023749 0.04217523 0.005544487 0.0005981068 7.307998e-05 4.69801e-05 7.345858e-05 6.889749e-05 2.280928e-05
0.7177976 0.2520961 0.0209098 0.001354428 0.0009610516 0.001691104 0.001168051 0.001356965 0.001292611 0.001372342
0.6775621 0.2857503 0.02034303 0.00604884 0.009425312 0.000112484 0.0007066923 7.904872e-06 2.047507e-05 2.282745e-05
0.4543416 0.4811237 0.02835345 0.03362534 0.0014241 0.0004292489 0.0001640299 0.0002798433 9.522835e-05 0.0001634689
0.4211737 0.5041152 0.05743877 0.006504451 0.00624577 0.00218067 0.0001575012 0.000338847 0.001103436 0.0007416328
0.538112 0.3655391 0.0853149 0.00994189 7.993051e-05 0.0009331124 2.135628e-05 5.5922e-05 3.186603e-07 1.55441e-06
0.627032 0.3424499 0.03041733 5.598291e-05 2.765382e-05 5.512141e-06 9.858953e-06 5.581978e-07 8.985443e-07 2.855703e-07
0.5127379 0.4776449 0.006033996 0.0006978504 0.00131956 0.000234616 0.0009797554 0.0003341999 7.734639e-06 9.453429e-06
0.4752511 0.5025369 0.01683744 0.001002995 0.0008765974 0.002439734 0.0002188387 0.0004202173 1.36833e-05 0.0004025213
0.4611422 0.5120863 0.01860174 0.001065731 0.002480823 0.00323219 0.0003298381 0.000177656 0.0001225458 0.000760971
0.3918798 0.4889835 0.1017859 0.008984688 0.004530004 0.0001541126 0.001948931 0.0006657623 0.0006721168 0.0003951563
0.6044485 0.3345457 0.06037255 7.187361e-05 0.0001812127 9.01827e-05 0.0002385001 3.003996e-05 3.614904e-06 1.785111e-05
0.5214316 0.4283481 0.04686091 0.001343376 0.0001029484 0.001094827 0.000761818 3.573779e-05 5.912372e-06 1.474663e-05
0.4370312 0.5346956 0.02640902 9.637849e-05 0.001613574 2.424301e-05 0.0001063287 2.274503e-05 2.148658e-09 8.261236e-07
0.4999258 0.4092967 0.05201558 0.02166176 0.01405454 0.001836606 0.000688136 0.0001112484 0.000407325 2.309133e-06
0.6570349 0.3269612 0.01389926 0.0008485473 0.0003586835 0.0004868428 0.0002388214 4.567183e-05 5.395002e-05 7.215528e-05
0.5681417 0.3666747 0.0439201 0.001355489 0.01955455 0.0001545224 0.0001963119 1.029853e-06 1.567174e-07 1.426429e-06
0.4495187 0.506131 0.04231755 0.001600539 0.0002211706 0.0001360713 6.271103e-06 3.323669e-07 4.224237e-05 2.609389e-05
0.5029962 0.4787759 0.01653231 0.0007843138 0.0001700206 0.0006753934 5.959179e-06 4.760999e-05 1.026184e-05 2.077427e-06
0.5908975 0.3234196 0.05582573 0.02153544 0.005353566 0.0002898101 0.002523783 5.996706e-05 2.050726e-05 7.414116e-05
0.3934093 0.565771 0.01775 0.01362162 0.003203498 0.006036884 0.0001342256 2.184272e-05 4.049411e-06 4.754158e-05
0.4987205 0.4794322 0.01706589 0.003094508 0.0005586461 0.0003216144 0.0003215803 0.000218298 0.0002021503 6.459558e-05
0.6622916 0.3292562 0.005025341 0.001342559 0.0007600393 0.0006188521 0.0001484812 0.0003783809 0.0001536737 2.488589e-05
0.5740087 0.376585 0.0250398 0.01187694 0.001963942 0.008013012 0.002472228 3.925542e-05 4.385046e-07 7.30484e-07
0.6232691 0.2887324 0.05329772 0.02706443 0.004378367 0.002014775 0.000992111 0.0001891724 2.290118e-05 3.906472e-05
0.6136554 0.3405936 0.01190115 0.02476783 0.004594134 0.003107306 0.001120998 6.951842e-05 5.665583e-05 0.0001333322
0.4502012 0.5261325 0.01327939 0.0004914962 0.0009196434 0.00509473 0.00120167 0.001422005 0.0005189509 0.0007383691
0.410308 0.5718101 0.01315596 0.002085512 0.002622536 3.50705e-06 4.39723e-06 3.49631e-06 2.568989e-06 3.950681e-06
0.6090878 0.3822031 0.003377383 0.004144153 0.0007228938 5.922123e-05 0.0001885675 9.913517e-05 0.000109358 8.383428e-06
0.451165 0.5422951 0.006030156 0.0001833004 0.0001365175 3.620594e-05 7.383939e-05 1.584934e-05 4.29778e-05 2.103283e-05
0.4085631 0.5495309 0.01515717 0.01036048 0.01589068 0.0002625273 0.0002308143 3.483636e-06 6.643904e-07 1.694728e-07
0.4511433 0.5339492 0.01042848 0.001900442 0.001737431 0.0007923017 4.191548e-05 1.024496e-06 1.605391e-06 4.302748e-06
0.4927063 0.422265 0.08257114 0.0007917509 0.0004052887 0.0003155777 0.0006010825 0.0002339731 8.838818e-05 2.14493e-05
0.4317969 0.4629342 0.01984067 0.0444828 0.02349462 0.0005665837 0.01656594 7.85836e-06 0.0001442385 0.000166236
0.4732981 0.5231319 0.002791998 0.0003297954 0.0001257334 0.0001557753 1.751329e-05 0.0001196335 1.405926e-05 1.554605e-05
0.5620904 0.4072179 0.01898532 0.007765321 0.0002693618 0.0005216943 0.001513045 0.0005066876 0.0002423524 0.0008878703
0.4567307 0.4776013 0.04970938 0.01301617 0.002291677 0.000271716 0.0003245974 4.193783e-05 1.030312e-05 2.215804e-06
0.5015902 0.4470813 0.03037506 0.0145953 0.005040655 0.000641177 0.0003511126 5.735281e-05 3.654071e-05 0.0002313939
0.4399467 0.549797 0.009200052 0.0009336979 4.556143e-05 4.268461e-05 2.967563e-05 1.178631e-06 1.596983e-06 1.929788e-06
0.4678926 0.5016284 0.02617122 0.0003896588 0.002523671 0.0005819927 0.0007750265 3.697889e-05 1.713498e-07 2.932648e-07
0.3470438 0.6402587 0.009683765 0.001035648 0.0006552966 0.001236414 1.07921e-05 2.8277e-05 5.35522e-06 4.191222e-05
0.5036297 0.4509997 0.03943506 0.004772227 0.0009822162 0.000161341 3.107779e-06 9.947218e-06 1.984482e-06 4.722641e-06
0.4297693 0.5556982 0.01428842 0.0001589453 5.731922e-05 5.298627e-08 2.114663e-05 8.795796e-07 5.386349e-07 5.116865e-06
0.5630787 0.3569194 0.06870184 0.001891792 0.002776968 0.002180014 0.004379679 6.711725e-05 2.554489e-06 1.895518e-06
0.5381336 0.4521363 0.008429603 0.0006621964 0.0005677468 1.416366e-05 1.032769e-05 3.538256e-05 6.67759e-06 4.005686e-06
0.55793 0.399665 0.03593877 0.006184136 4.727582e-05 0.0001690554 5.171541e-05 1.302758e-05 3.109225e-07 6.850777e-07
0.4307104 0.5547657 0.0136043 0.0004255048 0.0002914072 2.919003e-05 4.849407e-05 0.0001127248 2.656112e-08 1.226445e-05
0.6208542 0.3403702 0.03364904 0.001032927 0.0003143188 0.0007515749 0.001887901 0.0009755265 5.678893e-05 0.000107583
0.5035712 0.416419 0.01095422 0.01561001 0.04935135 0.003154182 0.0007650378 6.521441e-05 6.223286e-05 4.755197e-05
0.5758928 0.3979156 0.004296319 0.01924689 8.299656e-05 0.000444892 0.0006020477 0.0008875274 0.000196017 0.0004348464
0.6202928 0.3548154 0.0139782 0.00216025 0.007905079 0.0002543287 0.0005777066 1.396141e-05 2.18029e-06 3.84609e-08
0.4536824 0.4773615 0.06560826 0.0004140144 2.760811e-05 0.000495554 0.001061815 0.00118399 4.949608e-05 0.0001153479
0.4502185 0.4926257 0.0495413 0.002873081 0.00408869 0.0006413624 3.968962e-07 5.523239e-06 7.618232e-07 4.706192e-06
0.4624578 0.5057821 0.03166662 5.176675e-05 3.766808e-06 2.726087e-05 1.201901e-06 9.168817e-06 2.510575e-07 1.443726e-07
0.6182889 0.3192141 0.06213709 0.0002217525 1.52964e-05 4.37268e-05 7.518151e-05 2.031849e-06 1.210564e-06 7.157586e-07
0.7019631 0.2545205 0.03837115 0.002649578 8.431017e-05 0.000600506 0.001324731 8.213988e-05 0.0004005828 3.445942e-06
0.4967762 0.4747062 0.02417282 0.00053774 0.002736481 3.047565e-05 0.0001607695 0.0002252942 0.0003866157 0.0002674413
0.6770104 0.3078407 0.0145115 0.0001393201 3.276589e-05 0.0001084775 0.0001337325 0.0002032832 1.21362e-05 7.664973e-06
0.5406064 0.4289666 0.01208127 0.0178944 8.920921e-05 0.0002244301 7.392658e-05 2.782511e-05 3.026927e-06 3.288654e-05
0.5461338 0.4407912 0.00799415 0.000595226 0.002786743 0.001413151 0.0001693408 9.320954e-05 1.63555e-05 6.746536e-06
0.4065868 0.5524556 0.02452951 0.005979582 0.0002194542 0.00783225 0.0006138938 0.0004106889 0.0006521801 0.0007200375
0.4872325 0.4965038 0.01159971 0.004019522 0.0004209645 3.700006e-05 4.700803e-05 8.571281e-05 3.359546e-05 2.018979e-05
0.4913383 0.4190137 0.07696534 0.01246019 0.0001386841 5.82277e-05 1.363362e-05 5.995411e-06 4.496008e-06 1.48887e-06
0.4611948 0.4800828 0.05300063 0.003753141 0.0008816662 0.0002951353 0.0003645436 0.0002989825 0.0001197665 8.480877e-06
0.3623491 0.6001615 0.03074445 0.00585993 0.0006956466 0.0001541004 1.350756e-05 7.205661e-06 3.154604e-06 1.138003e-05
0.6370003 0.3225688 0.02607533 0.001667874 0.01241427 7.888483e-05 8.385719e-05 9.261771e-06 1.412172e-05 8.734606e-05
0.3828485 0.6107653 0.005569189 0.0001360827 0.0005979001 7.515156e-06 3.48397e-05 2.888797e-05 7.87668e-06 3.881115e-06
0.684955 0.3098582 0.003369572 0.0006481409 0.0007603485 5.008826e-05 0.0001501995 0.0001080643 4.667589e-05 5.377295e-05
0.5369992 0.446582 0.001635029 0.004551746 0.009370359 0.000805018 5.610826e-05 2.573862e-07 8.652484e-08 2.236553e-07
0.4926941 0.4529809 0.03355354 0.008742989 0.006569508 0.002997552 0.001021044 0.001427133 4.159463e-06 9.091415e-06
0.5689386 0.3853148 0.04435084 0.0004367511 0.0006678038 0.0002866723 2.648017e-06 5.95455e-07 3.764791e-07 8.787934e-07
0.4207797 0.5541944 0.01332265 0.0113406 3.163224e-05 0.0001711901 1.147665e-05 1.062578e-05 3.118012e-05 0.0001066044
0.4423848 0.5159073 0.03176101 0.009666095 2.879472e-05 0.0001248732 3.830512e-05 6.081548e-05 1.046475e-05 1.754699e-05
0.5539874 0.4327325 0.01263899 3.527331e-05 3.959613e-05 0.0001314814 0.0001310084 4.451032e-05 5.235793e-05 0.0002069475
0.6016531 0.3691775 0.01889864 0.007628547 0.000132741 0.001433711 0.0007521656 0.0001492457 7.633412e-05 9.798792e-05
0.4292079 0.4771133 0.07650372 0.01285167 0.0005348342 0.0009316556 0.002399893 0.0001943536 2.557749e-05 0.0002371826
0.4649462 0.4849293 0.03806914 0.009650577 0.001622548 0.0007410563 3.203859e-05 4.428788e-06 2.522632e-06 2.095533e-06
0.5273387 0.4033364 0.04879181 0.01523691 0.004687453 0.0002311614 1.283819e-05 0.0001527831 0.0001429458 6.905527e-05
0.5519922 0.4337061 0.009695889 0.001707595 0.002359269 0.0003489705 0.0001167411 8.032393e-06 3.559468e-05 2.968644e-05
0.4050921 0.5172831 0.06156068 0.001174996 0.013463 0.0004728937 0.0008098931 8.90708e-05 2.612584e-06 5.165446e-05
0.4413131 0.5453268 0.008265699 0.004279026 3.989152e-05 0.0007023631 4.034004e-05 2.562827e-05 7.165278e-06 3.210485e-08
0.3988109 0.5267973 0.04720074 0.01985379 0.005488207 0.0001821954 0.0008822043 0.0003411752 0.0003198606 0.0001235935
0.5766543 0.3181514 0.05269627 0.049145 0.001317021 0.001130287 0.0005604716 0.0001180244 0.0001243119 0.0001029621
0.47425 0.5064575 0.006469014 0.01104935 0.0005977877 0.000588626 0.0004878218 1.534795e-05 6.55108e-05 1.904133e-05
0.5792422 0.3599882 0.04110706 0.002719209 0.01691069 1.087162e-05 9.321212e-06 1.293657e-06 9.063508e-06 2.105122e-06
0.4155674 0.4969045 0.07702712 0.001690295 0.006976741 0.001648913 0.0001637005 8.674928e-06 5.175337e-06 7.430146e-06
0.4295312 0.5070452 0.02659566 0.01504139 0.01454922 0.003124519 0.002518678 0.000251827 0.001128311 0.0002140243
0.3942938 0.5571182 0.04102528 0.002819076 0.001234643 0.003062033 7.183657e-05 0.0002766858 3.102601e-05 6.741391e-05
0.535935 0.4536909 0.007242522 0.002455363 5.59442e-05 0.0002538616 0.0003521533 2.186933e-06 4.056176e-06 7.995446e-06
0.5326467 0.4139403 0.0276269 0.02368942 0.0002937721 0.001248977 0.0004152392 8.759092e-05 2.831573e-05 2.280651e-05
0.4706615 0.4646548 0.0141833 0.02910935 0.0008661181 0.01908171 0.001122464 0.0002947514 1.810227e-05 7.842724e-06
0.4865146 0.4160884 0.05375512 0.005008189 0.03369393 0.00118708 0.00325283 4.090453e-05 0.0001696606 0.0002892434
0.7295918 0.2308177 0.03205652 0.005084443 0.0006743899 0.0005302681 0.0002078306 0.0007011838 8.484616e-05 0.0002510687
0.5197333 0.4032078 0.01913137 0.05758487 0.0001897918 9.455822e-05 2.034356e-05 3.186591e-06 3.222917e-05 2.571101e-06
0.5033873 0.4268784 0.06058944 0.003766499 0.004713113 7.546555e-05 0.0003454449 8.63536e-05 3.228329e-05 0.0001257177
0.5434377 0.434277 0.01838506 0.002908775 0.0004790599 0.0002149989 7.190229e-05 6.42655e-05 3.156554e-05 0.0001297309
0.4618379 0.4797269 0.0191424 0.03262514 0.006176327 0.0001903409 0.0002436616 4.731036e-05 2.256909e-06 7.739163e-06
0.5805614 0.3796083 0.02321938 0.00568536 0.004630723 0.004427623 0.0003743398 0.0009500401 9.731364e-05 0.0004454671
0.4799363 0.4969194 0.01751123 0.004901564 0.0005410291 9.174747e-05 6.278554e-05 2.06102e-05 8.120594e-06 7.27205e-06
0.5532355 0.4073857 0.03430527 0.0005741912 0.002269631 0.001367386 0.000679349 0.0001151411 6.5172e-05 2.694607e-06
0.5498687 0.3620223 0.02876319 0.01749659 0.03859498 0.0009204581 0.001089519 0.0006469426 0.0004488092 0.0001484233
0.5996824 0.3320202 0.05936618 0.006244361 0.002567306 6.170888e-05 3.307403e-05 9.800452e-06 7.720455e-06 7.25844e-06
0.5228703 0.4456497 0.02188714 0.005380666 0.001533382 0.0006776137 0.0008701283 0.0006926848 0.0001511053 0.0002872841
0.4455449 0.5085534 0.04566468 5.618385e-05 7.208669e-05 6.63223e-05 3.837641e-05 2.004948e-06 7.478138e-07 1.371794e-06
0.3628228 0.5348448 0.07957034 0.01061224 0.004694102 0.00267053 0.003691438 0.0004309326 0.000271521 0.0003912753
0.5232022 0.3170858 0.08061805 0.006148915 0.03225737 0.009330644 0.0142201 0.01076049 0.003311545 0.003064971
0.5156992 0.4565383 0.01822094 0.0001748828 0.001964253 0.001230795 0.005473624 3.443838e-05 0.0001710337 0.0004925415
0.3402965 0.4171335 0.1289781 0.002506193 0.04946449 0.003995893 0.04755439 0.0002563323 0.00682378 0.002990824
0.4643143 0.502596 0.02539385 0.007288538 0.0002421848 0.0001573389 1.962562e-06 1.068023e-06 4.164796e-06 5.79571e-07
0.4526653 0.5246323 0.005547659 0.01306138 0.002627449 8.311733e-05 0.000388454 0.0009612017 1.725384e-05 1.589129e-05
0.396293 0.5573438 0.03614846 0.003698253 0.0001888386 0.001506738 0.002349624 0.0002623812 0.001709725 0.0004991464
0.4392463 0.4388108 0.09929184 4.262332e-05 0.001770322 0.006849283 0.006873456 0.000705272 0.002824506 0.003585656
0.6548956 0.3167347 0.02277895 0.004752375 0.0006826794 0.0001250643 3.026957e-05 1.590665e-07 9.595681e-08 4.21473e-08
0.5445259 0.442611 0.01230306 0.000171337 0.0001441147 8.835024e-05 0.0001445778 3.728164e-06 2.023019e-06 5.982531e-06
0.6350606 0.3229799 0.02376924 0.003132975 0.004962753 0.00690907 0.002054414 0.0004283456 0.0001377456 0.0005649461
0.5462475 0.4485278 0.003396424 0.0002202523 0.001115006 0.0001032408 0.0001611414 1.30993e-05 0.0001871295 2.849917e-05
0.4692785 0.528022 0.002537987 2.149112e-05 8.205305e-06 7.250019e-05 1.215177e-05 4.299465e-06 1.031996e-05 3.251129e-05
0.7501151 0.2131149 0.03184982 0.003403072 0.0005666635 0.0008283136 5.304476e-05 1.502009e-05 6.223202e-06 4.783974e-05
0.4360179 0.5522176 0.01012217 0.000896206 0.0003368383 0.0001108549 0.0002702896 2.062252e-05 6.334087e-06 1.220256e-06
0.5750645 0.335229 0.07829237 0.004768945 0.006594047 2.485778e-06 1.890233e-06 4.125363e-05 3.496023e-06 1.999248e-06
0.4612772 0.5002116 0.001770458 0.02243 0.006576544 0.004980796 0.002407981 0.0002001606 5.833017e-05 8.692762e-05
0.4885731 0.4586847 0.03509884 0.01296392 0.002197815 0.001650603 0.000493785 0.0001163092 0.0001553787 6.555811e-05
0.5528775 0.4053073 0.02538952 0.00851376 0.003793682 0.0006419892 0.0001662479 0.002551309 0.0007226555 3.606202e-05
0.3828179 0.4385964 0.09588491 0.03536448 0.01954663 0.007440368 0.007202369 0.01049694 0.0005699409 0.00208
0.4992318 0.3504839 0.1384662 0.00137276 0.01044078 2.821662e-06 1.913443e-07 7.129371e-07 2.514413e-07 5.940863e-07
0.5188142 0.4371622 0.004217235 0.01081147 0.01572737 0.0109769 3.266069e-06 0.001047263 0.0009091446 0.0003309509
0.4156452 0.5623642 0.01043618 0.00266471 0.001085198 0.002611883 0.002534384 0.002446684 4.157965e-05 0.000169973
0.6105417 0.3839352 0.00130485 0.002126065 0.0006363514 0.0003101784 0.0006399851 0.0005025087 7.065846e-07 2.433819e-06
0.4770485 0.5039349 0.0148083 0.002360408 0.001066043 0.0001530899 0.000542842 1.923326e-05 3.69921e-05 2.974991e-05
0.5289105 0.4586215 0.009378046 0.001777793 0.001119119 0.0001345295 5.384525e-05 7.745842e-07 3.188779e-06 6.608865e-07
0.4602677 0.4781798 0.03226978 0.002227402 0.008142505 0.007775943 0.00786771 0.002582003 0.0005569141 0.0001302007
0.5281599 0.4272702 0.01799047 0.01656646 0.0007301429 0.003338401 0.004837756 0.001004285 9.776901e-05 4.646034e-06
0.6628127 0.3287636 0.007755868 0.0002205963 0.0004129119 1.780162e-05 8.095911e-06 5.835329e-06 1.20226e-06 1.401889e-06
0.4895505 0.4641755 0.02155362 0.01023054 0.009802986 0.002175138 0.001239999 0.0004265529 0.0004661476 0.0003789999
0.4566942 0.4490852 0.08379916 0.0006689231 0.004343663 0.001033958 6.022802e-05 0.003485676 0.0004710226 0.0003580272
0.6187461 0.3552861 0.02452166 0.0002932887 0.0009671279 2.847791e-05 0.0001369882 8.431306e-06 1.726293e-06 1.011277e-05
0.5820468 0.3621672 0.01271227 0.02022706 0.01732733 0.002335785 0.000688832 0.002230811 0.0001886427 7.52394e-05
0.5692064 0.4000147 0.01937285 0.005624442 0.00307339 0.002171897 0.0001009653 0.0001717125 0.0001838426 7.980842e-05
0.5858026 0.3354114 0.0684317 0.01031297 2.208819e-05 1.228572e-05 4.247611e-06 1.352309e-06 9.232761e-07 3.895929e-07
0.7174494 0.2643903 0.006687586 0.00826226 0.002178249 0.001020489 1.828607e-06 4.207857e-06 5.275282e-06 3.395617e-07
0.6762519 0.2910836 0.02553751 0.0008535027 0.006198922 1.124806e-05 4.31074e-05 7.027352e-06 8.554891e-06 4.620275e-06
0.6035397 0.3293454 0.05473621 0.009083261 0.0001180047 0.002438504 7.836461e-05 0.0006172928 5.043281e-06 3.822109e-05
0.4503458 0.5302825 0.01829494 0.000117227 0.0007887569 2.605043e-06 6.853659e-05 9.343384e-05 3.912209e-06 2.318377e-06
0.5545101 0.3800782 0.06400363 0.001175954 7.192747e-05 6.332828e-05 1.835615e-05 2.668464e-05 6.27483e-06 4.554209e-05
0.5163434 0.425806 0.02537834 2.901556e-05 0.003095651 0.029148 0.0001118794 6.858286e-05 7.890533e-06 1.120721e-05
